0 0 0 0 0 0 0 0 0 0 0 0 0 0 0 0 0 0 0 0 0 0 0 0 0 0 0 0 0 0 0 0 0 0 0 0 0 49 48 95 93 138 135 178 174 215 210 249 243 291 283 327 317 357 345 381 367 399 383 411 393 418 400 423 405 426 408 427 409 426 408 423 405 418 410 420 409 416 402 406 389 390 370 368 345 340 315 310 286 282 259 256 234 232 211 210 190 190 171 171 
0 0 0 0 0 0 0 0 0 0 0 0 0 0 0 0 0 0 0 0 0 0 0 0 0 0 0 0 0 0 0 80 79 157 155 231 228 302 346 465 411 527 473 586 532 704 649 858 801 1003 954 1158 1086 1282 1209 1397 1323 1503 1500 1671 1665 1873 1864 2061 2048 2234 2217 2392 2371 2535 2593 2745 2797 2938 2983 3123 3170 3278 3317 3415 3446 3534 3557 3635 3650 3718 3726 3786 3787 3837 3910 3951 4016 4048 4205 4227 4374 4386 4524 4525 
0 0 0 0 0 0 0 0 23 22 43 41 60 57 74 70 85 80 93 87 98 91 100 92 143 133 180 168 211 197 306 289 472 532 552 610 627 683 697 798 855 906 866 961 919 1011 1075 1223 1201 1433 1324 1557 1453 1668 1543 1758 1631 1836 1707 1973 1912 2093 2073 2286 2173 2374 2258 2447 2328 2506 2386 2636 2596 2672 2629 2697 2660 2827 2776 2915 2868 2998 2946 3067 3010 3122 3061 3166 3101 3197 3128 3294 3297 3397 3394 3585 3718 3701 3837 3811 
13 12 23 21 30 27 34 30 69 85 141 110 161 129 176 145 189 159 200 171 209 181 216 189 221 238 309 240 307 239 302 304 432 428 627 544 581 575 607 600 673 710 731 722 694 731 701 844 916 945 981 1076 941 1081 937 1067 916 1081 931 1090 1011 1234 1152 1337 1234 1369 1181 1352 1166 1331 1148 1306 1206 1438 1257 1321 1221 1288 1293 1442 1242 1376 1184 1312 1120 1242 1051 1170 982 1098 915 1030 928 1117 1041 1208 1110 1412 1260 1286 
0 12 23 10 20 8 17 6 40 62 168 142 220 196 288 264 348 323 399 373 441 414 474 446 498 469 555 566 602 527 597 521 652 644 829 814 879 790 774 764 745 782 806 799 774 769 696 823 851 1079 1037 1208 1153 1300 1114 1334 1140 1353 1182 1522 1292 1768 1610 2071 1953 2310 2131 2500 2280 2680 2462 2850 2674 3228 3128 3587 3404 3807 3707 4197 4181 4643 4428 4961 4748 5263 5046 5546 5326 5909 5685 6249 6019 6639 6479 7101 6990 7547 7378 7954 
0 0 11 21 20 8 17 6 14 31 93 130 196 179 297 305 350 360 400 445 479 524 552 597 619 664 680 766 817 860 865 898 938 1038 1139 1296 1448 1408 1441 1538 1487 1655 1641 1849 1784 1941 1869 2022 2065 2511 2476 2846 2791 3180 3009 3404 3195 3652 3440 3911 3814 4341 4132 4866 4507 5339 4956 5631 5250 5887 5465 6121 5699 6374 6166 6913 6428 7075 6627 7215 6871 7525 7196 7822 7210 7901 7296 7968 7365 8016 7514 8242 7541 8246 7622 8379 7777 8584 8012 8723 
0 0 0 10 19 18 17 6 14 4 36 81 154 157 253 298 391 374 395 420 467 523 499 554 525 579 545 598 600 731 770 856 920 994 1096 1266 1421 1643 1665 1691 1867 2023 1941 2208 2163 2378 2284 2491 2391 2754 2937 3254 3144 3521 3475 3771 3533 3927 3655 4002 3757 4212 4027 4483 4276 4817 4468 5114 4539 5096 4492 5017 4421 4971 4423 5170 4771 5248 4625 5217 4642 5201 4727 5320 4873 5307 4594 5198 4501 5092 4406 5082 4502 5065 4299 5019 4436 5161 4657 5413 
0 0 0 94 102 202 212 300 307 383 395 492 552 689 727 841 986 1086 1109 1114 1108 1187 1207 1256 1210 1363 1313 1465 1435 1623 1666 1932 1932 2062 2088 2210 2306 2542 2624 2730 2685 2864 2971 3093 2991 3306 3157 3422 3269 3526 3531 4108 4067 4390 4347 4710 4639 4918 4759 5195 4900 5320 5202 5672 5566 6123 5909 6554 6211 6820 6376 6941 6465 7033 6556 7237 6969 7764 7291 7836 7347 8000 7570 8174 7798 8431 7940 8415 7763 8396 7749 8361 7810 8496 7928 8494 7900 8710 8238 8900 
0 0 0 0 93 193 106 208 125 201 118 186 132 251 237 420 407 662 809 987 980 1118 1158 1360 1359 1527 1559 1823 1706 1986 1923 2228 2240 2638 2514 2809 2794 3108 3180 3538 3418 3677 3692 4018 3999 4306 4019 4431 4099 4500 4164 4715 4697 5240 4971 5536 5245 5615 5376 5759 5351 5784 5274 5833 5447 6006 5717 6372 5982 6677 6025 6804 6098 6724 6028 6661 6064 7072 6506 7288 6554 7305 6568 7439 6763 7554 6946 7642 6931 7586 6723 7537 6683 7574 6825 7680 6923 7702 7031 8008 
0 0 0 41 40 171 267 309 223 357 259 368 337 457 478 653 730 985 989 1361 1448 1501 1394 1488 1429 1569 1475 1680 1620 1776 1592 1867 1732 2040 2019 2323 2024 2313 2156 2486 2358 2559 2310 2673 2559 2809 2707 2883 2441 2823 2382 2757 2475 3163 2880 3356 3112 3586 3097 3457 3182 3473 2931 3363 2865 3371 2946 3612 3298 4086 3437 4131 3371 4191 3273 3983 3181 3990 3549 4548 3621 4481 3602 4439 3574 4531 3702 4587 3702 4494 3623 4377 3361 4277 3375 4369 3529 4489 3686 4668 
0 33 116 146 266 378 504 706 742 850 858 1038 1032 1250 1325 1464 1591 1801 1971 2186 2331 2671 2660 2649 2628 2766 2772 2950 3019 3295 3257 3499 3528 3879 3960 4374 4468 4725 4626 4981 5036 5365 5273 5529 5567 5915 5905 6176 6114 6227 5921 6271 5961 6531 6529 7083 6956 7569 7452 7817 7529 7938 7774 8006 7668 8176 7827 8364 8235 8936 8778 9353 8678 9389 8639 9359 8483 9182 8501 9457 8949 9569 8660 9433 8570 9333 8481 9330 8510 9158 8285 8949 8089 8715 7712 8590 7695 8696 7861 8735 
0 0 32 146 195 217 348 462 517 667 635 844 773 931 916 1133 1114 1261 1373 1586 1674 1955 2035 2297 2191 2288 2283 2507 2407 2768 2774 2978 2828 3194 3115 3425 3443 3725 3617 3835 3662 3998 3926 4075 3927 4258 4189 4443 4402 4528 4369 4443 4091 4410 4287 4976 4710 5270 5161 5660 5337 5675 5361 5663 5380 5607 5302 5789 5445 6119 5988 6698 6310 6801 6148 6838 6013 6824 5976 6850 6368 7321 6598 7301 6474 7325 6565 7411 6631 7554 6678 7397 6569 7293 6474 7151 6277 7198 6505 7542 
0 0 0 31 143 261 301 399 540 644 659 840 746 972 723 964 850 1064 953 1215 1233 1485 1538 1871 1778 2055 1785 2004 1819 2039 1862 2314 2096 2338 2234 2666 2470 2880 2772 3010 2866 3155 3047 3395 3225 3444 3444 3781 3689 4013 3890 4012 3870 3980 3646 4213 4254 4733 4522 5207 5029 5427 5084 5486 5074 5343 5056 5387 5071 5622 5358 6082 5900 6438 5918 6473 5759 6406 5640 6507 5656 6752 6099 6863 6149 6853 6043 6923 6188 7031 6277 7068 6227 6977 6193 6950 6206 7015 6222 7350 
0 0 0 0 30 140 256 362 493 601 751 847 917 1064 1016 1249 1108 1453 1359 1678 1700 2065 2058 2462 2512 2857 2726 3014 2813 3109 2940 3330 3271 3739 3582 3954 4022 4411 4476 4827 4830 5094 5170 5579 5635 5777 5822 6074 6226 6423 6544 6667 6681 6701 6727 6727 6777 7368 7342 7735 7784 8253 8110 8330 8180 8375 8052 8196 8124 8316 8171 8656 8541 9089 8858 9126 8779 9115 8468 8995 8386 9067 8514 9323 8546 9192 8531 8937 8249 8826 8169 8702 7887 8370 7622 8059 7343 7813 7228 7712 
0 0 0 0 0 29 137 251 354 548 692 669 815 825 871 974 943 1191 1020 1293 1128 1493 1450 1803 1784 2239 2149 2505 2249 2650 2471 2829 2776 3193 3133 3557 3514 3955 3960 4352 4348 4456 4525 4667 4905 5138 5033 5056 5254 5337 5477 5572 5625 5680 5719 5704 5754 5976 6191 6560 6592 7084 7068 7419 7254 7516 7318 7459 7177 7408 7369 7611 7577 8098 8002 8398 8102 8400 8053 8323 7792 8351 7806 8674 8072 8677 8033 8671 7972 8458 7831 8450 7852 8312 7569 8140 7464 7980 7365 7898 
0 0 0 0 0 7 34 145 255 358 545 752 764 736 882 863 952 1062 1034 1238 992 1253 1130 1513 1450 1870 1715 2108 1848 2150 1829 2304 2015 2399 2205 2537 2341 2735 2680 2930 2868 3120 2884 2992 2997 3158 3281 3225 3072 3130 3231 3196 3308 3237 3297 3283 3180 3104 3277 3584 3414 3771 3811 4178 3974 4254 4065 4242 3938 4091 3844 4083 4033 4363 4405 4917 4715 5020 4801 5072 4732 5085 4661 5246 4957 5735 5004 5711 5196 5762 5272 5774 5390 6019 5545 6021 5550 6142 5767 6328 
0 0 0 0 0 0 6 48 144 266 355 550 745 829 836 814 928 951 1049 1154 1090 1256 1006 1341 1247 1642 1651 1970 1764 2220 1947 2404 2194 2774 2545 2995 2863 3255 3163 3731 3639 3994 3932 4115 4004 4224 4355 4573 4543 4592 4591 4696 4786 4855 4892 5033 5105 5138 5044 5355 5663 5835 5700 6326 6274 6580 6326 6692 6426 6597 6327 6601 6367 6674 6709 7185 7209 7502 7204 7463 7206 7358 7147 7468 7178 7874 7604 8107 7575 8256 7760 8223 7830 8268 7973 8260 7877 8170 7872 8317 
75 74 147 145 299 295 445 521 705 881 1113 1280 1583 1851 2046 2182 2315 2316 2683 2764 3068 3176 3304 3492 3540 3925 4121 4597 4772 5045 5158 5590 5495 5986 5904 6466 6319 6757 6700 7067 7162 7569 7593 7828 7713 7897 7908 8137 8286 8250 8345 8450 8522 8567 8776 8717 8984 9076 9040 9022 9156 9539 9567 9712 9706 10179 9935 10131 9889 10230 9879 10128 9886 10164 9908 10288 10372 10814 10530 10706 10358 10552 10168 10416 10153 10508 10315 10804 10333 10803 10326 10801 10279 10627 10317 10635 10151 10334 9991 10269 
0 74 147 72 202 209 417 259 543 565 793 881 1076 1245 1545 1607 1781 1838 1928 1983 2344 2261 2511 2448 2553 2659 2727 3033 3293 3461 3582 3714 3803 3968 3923 4217 4169 4498 4391 4613 4587 4861 4840 5102 5055 5086 5028 5190 5277 5397 5367 5361 5649 5631 5773 5749 5890 5886 6181 6007 6014 6161 6471 6606 6726 7033 7009 7336 7126 7391 7276 7603 7262 7668 7388 7783 7596 8179 8238 8538 8168 8464 8098 8345 8110 8498 8335 8987 8605 9103 8692 9246 8661 9144 8604 9068 8735 8913 8418 8683 
0 0 73 145 144 127 335 284 408 275 651 611 768 788 1005 1140 1258 1270 1388 1373 1542 1566 1787 1626 1819 1706 1845 1945 2030 2371 2448 2572 2732 2850 2855 3076 3019 3350 3252 3630 3483 3747 3792 3968 3961 4193 4147 4269 4199 4466 4453 4420 4418 4627 4851 4788 4972 4837 5143 5160 5295 5143 5410 5700 5859 6049 6258 6500 6266 6573 6352 6684 6464 6736 6459 6858 6520 7011 6853 7434 7178 7411 6986 7272 6782 7233 6956 7489 7434 7940 7388 8034 7518 8047 7379 7918 7458 8045 7533 7840 
0 0 0 72 143 142 197 313 459 379 573 580 937 873 1003 1189 1412 1500 1602 1682 1758 1949 2111 2117 2278 2170 2329 2347 2497 2700 2829 3087 3125 3330 3392 3462 3444 3683 3588 3893 3764 4122 3931 4289 4152 4377 4252 4516 4473 4502 4456 4630 4390 4396 4525 4684 4788 4639 4716 4623 4819 4558 4594 4582 4881 4913 5025 5197 5252 5267 4936 5214 4982 5288 4949 5356 5020 5435 5184 5813 5643 6021 5689 6037 5592 5922 5629 6197 5992 6791 6535 7021 6558 7249 6660 7248 6596 7356 7053 7493 
0 0 0 0 71 141 185 238 465 518 586 576 859 855 1145 1058 1314 1509 1655 1733 1876 1921 2245 2431 2604 2553 2799 2661 2992 3027 3328 3577 3684 3915 4095 4214 4315 4414 4503 4749 4711 5024 4962 5372 5368 5643 5640 5882 5848 6241 6161 6426 6403 6562 6461 6792 6970 7202 7316 7248 7550 7518 7611 7471 7803 8120 8309 8572 8792 9072 9015 9171 8905 9387 9211 9588 9285 9805 9378 10027 9899 10575 10180 10533 10271 10639 10069 10618 10265 10913 10797 11369 10906 11441 10848 11419 10712 11267 10655 11519 
0 0 0 0 0 117 185 273 367 545 803 737 966 1026 1389 1305 1660 1680 2039 2141 2372 2355 2656 2815 3326 3256 3569 3347 3834 3613 4231 4161 4770 4746 5090 5205 5551 5457 5837 5794 6137 6187 6414 6546 6786 7132 7177 7342 7487 7587 7732 7869 8080 8165 8000 8094 8195 8380 8594 8651 8802 8774 9100 8746 8935 8880 9523 9535 9759 9949 10097 10106 10061 10134 9967 10364 10220 10507 10293 10686 10480 11225 11143 11390 11016 11257 11072 11149 10862 11252 11130 11775 11592 11884 11671 12004 11496 11888 11347 11878 
0 0 0 0 0 0 115 228 223 361 490 790 886 881 1138 1184 1440 1329 1761 1798 2041 2133 2250 2300 2767 2879 3192 3027 3296 3084 3611 3302 3942 3808 4278 4125 4490 4475 4835 4736 5194 5118 5491 5516 5791 5927 6324 6436 6593 6681 6884 6937 7029 7298 7523 7306 7273 7485 7639 7783 8013 7885 8259 8034 8226 7745 8217 8242 8779 8593 8933 8910 8966 8841 8886 8819 8742 8932 8868 8907 8740 9019 9084 9546 9214 9172 8956 8967 8754 8807 8628 8942 9081 9231 9042 9160 9016 9030 8625 8794 
0 0 0 0 0 30 29 170 332 397 491 727 1022 1223 1249 1330 1574 1655 1877 1978 2413 2461 2680 2774 2941 3262 3659 3677 3863 3749 3993 3912 4315 4118 4727 4532 4908 4843 5111 5223 5491 5403 5745 5636 5906 5907 6114 6334 6438 6589 6603 6682 6777 6725 6886 7108 6940 6788 6793 6995 7065 7165 7171 7209 7422 7016 7124 6875 7474 7356 7752 7646 7839 7699 7712 7646 7647 7646 7503 7738 7564 7614 7514 8016 7973 8141 7693 7756 7546 7477 7467 7567 7535 8043 7921 7991 7932 8044 7874 7907 
0 0 0 0 0 0 29 57 138 326 387 449 593 898 1055 1098 1172 1241 1490 1471 1711 1761 2028 2006 2062 2166 2494 2713 2920 2791 2935 2832 3124 2975 3412 3238 3718 3487 3891 3784 4127 4201 4335 4234 4492 4382 4580 4616 4936 4972 5191 5302 5387 5474 5531 5659 5852 5789 5759 5761 5829 6135 6222 6230 6449 6456 6528 6162 6525 6618 7092 7048 7523 7476 7609 7619 7733 7790 7894 7987 7930 8220 8096 8381 8539 9107 8819 9046 8743 8991 8739 8899 8958 9229 9458 9727 9588 9803 9789 9861 
0 0 0 0 0 17 41 83 131 250 397 519 592 732 1007 1199 1255 1362 1473 1562 1752 1759 2019 1989 2310 2203 2387 2710 3145 3144 3400 3193 3533 3441 3849 3758 4380 4121 4729 4563 5096 5088 5564 5519 5897 5772 6272 6140 6609 6788 7154 7200 7591 7587 7876 7745 8168 8148 8253 8149 8456 8359 8721 8912 8937 9037 9278 9039 9193 8984 9723 9609 9996 9952 10333 10147 10274 10209 10290 10278 10329 10419 10270 10517 10465 10917 10975 11210 10831 11104 10830 10944 10750 10894 11020 11462 11361 11450 11361 11466 
0 0 30 29 57 55 97 133 190 201 388 525 660 750 953 1184 1405 1461 1638 1752 1942 1945 2220 2254 2495 2525 2816 2716 3171 3479 3753 3496 3824 3516 4015 3742 4352 4144 4690 4270 4909 4575 5178 4996 5336 5234 5571 5219 5688 5375 5985 5773 6164 5965 6322 6120 6310 6154 6551 6073 6259 6118 6453 6360 6721 6569 6744 6672 6730 6396 6764 6761 7354 7004 7456 7261 7575 7331 7461 7315 7457 7352 7531 7498 7287 7584 7684 8030 7759 7903 7581 7850 7461 7620 7434 7644 7969 8110 7874 8040 
0 0 0 29 57 27 54 40 103 122 155 273 505 498 632 721 1045 1122 1240 1317 1531 1667 1800 1834 2163 2129 2497 2450 2817 2957 3530 3654 3805 3600 4048 3772 4308 4106 4816 4408 5016 4566 5259 4954 5608 5262 5772 5638 5974 5619 6209 6048 6570 6391 6887 6651 7146 6828 7313 7115 7368 6939 7393 7236 7876 7732 7909 7851 8004 7726 7830 7675 8372 8195 8674 8345 8761 8456 8914 8689 8933 8859 9087 9115 9341 9250 9253 9769 9914 9995 9776 10018 9820 10010 9844 10033 10070 10498 10669 10685 
0 52 51 101 127 202 198 215 251 302 367 404 559 760 862 978 1169 1495 1719 1806 1953 2171 2412 2594 2683 2872 3062 3254 3474 3449 3979 4268 4563 4597 4703 4654 5042 4839 5411 5348 5836 5524 6084 5717 6455 6225 6730 6573 7049 6925 7180 6951 7643 7407 7916 7838 8261 8079 8431 8329 8751 8340 8623 8378 8812 8866 9449 9022 9294 9179 9158 8903 9195 9343 9874 9600 10099 9753 10063 9909 10385 10098 10270 10111 10324 10238 10331 10285 10432 10815 10627 10583 10388 10579 10238 10468 10265 10419 10605 10643 
0 0 51 101 49 125 100 147 96 128 137 199 196 363 518 604 748 934 1115 1361 1357 1494 1553 1841 1906 2093 2122 2260 2464 2596 2633 2855 3416 3522 3461 3547 3549 3540 3737 3674 4127 3939 4275 4095 4493 4344 4923 4659 5132 5058 5334 5251 5439 5467 5901 5718 6168 6087 6419 6168 6559 6475 6525 6229 6541 6412 6916 7046 7224 7033 7144 6998 6900 6933 7401 7503 7829 7709 7988 7678 7947 7960 8211 8006 8031 8090 8140 8159 8252 8450 8446 8611 8293 8399 8165 8341 8062 8393 8187 8643 
98 97 193 241 384 380 447 537 575 635 683 744 844 891 1092 1376 1553 1788 2123 2397 2615 2802 2952 3157 3416 3668 3854 4105 4185 4450 4688 4745 5104 5453 5901 5733 5784 5896 5987 5966 6339 6322 6732 6548 7085 6877 7384 7203 7637 7450 7907 7724 7939 7866 8195 8035 8402 8209 8588 8431 8613 8410 8732 8332 8394 8172 8485 8463 8838 8609 8816 8502 8375 8181 8159 8386 8619 8563 8837 8542 8652 8400 8629 8514 8635 8357 8395 8366 8317 8402 8537 8652 8307 8405 8104 8226 7848 8134 7824 8198 
0 97 193 95 239 190 379 306 487 455 568 545 774 751 991 1069 1540 1676 2020 2162 2617 2760 2967 3153 3429 3690 4075 4248 4672 4796 5193 5327 5686 5910 6658 6762 7206 7104 7461 7627 7994 8194 8801 8800 9408 9382 10092 9964 10661 10401 11139 11008 11596 11437 11903 12087 12549 12443 13209 13076 13785 13601 14240 14090 14514 14241 14768 14666 15495 15459 15877 15818 16265 15847 16025 16012 16510 16609 16989 16968 17340 16960 17369 17142 17460 17267 17507 17271 17403 17280 17449 17561 17739 17490 17186 17240 17120 17029 16945 17111 
0 0 96 191 190 141 282 280 490 340 493 348 472 460 697 477 838 850 1266 1239 1588 1595 2070 1947 2108 2161 2444 2572 2831 2814 3100 3113 3396 3231 3763 3960 4475 4052 4564 4252 4514 4459 4900 4856 5188 4966 5448 5184 5749 5411 5809 5458 6042 5657 6060 5767 6293 6234 6489 6285 6868 6402 6853 6487 6974 6323 6683 6273 6747 6599 7266 6685 7149 6779 7035 6443 6924 6982 7504 7345 7925 7638 8110 7703 8338 7917 8406 8079 8707 8407 8816 8778 9360 9418 9645 9362 9450 9639 9762 9789 
87 86 171 264 441 437 564 510 775 790 997 817 1025 883 1181 1167 1368 1259 1790 1736 2223 2185 2629 2639 3069 2880 3126 3253 3613 3681 3957 3866 4321 4276 4534 4532 5297 5261 5505 5147 5751 5336 5675 5759 6257 6001 6406 6193 6718 6438 7065 6554 7138 6752 7346 6879 7402 7259 7801 7614 8015 7750 8291 7673 8307 7879 8211 7568 8105 7704 8431 8171 8565 8065 8507 7954 8294 7988 8697 8392 8799 8448 8887 8309 8850 8278 8804 8156 8581 8198 8823 8200 8620 8401 8857 8378 8497 8027 8181 8042 
0 86 171 84 301 307 426 384 545 552 883 832 1087 977 1259 1298 1762 1717 2183 2295 2903 2968 3577 3672 4243 4244 4721 4644 5070 5295 5694 5796 6091 6182 6656 6594 7081 7314 7933 7632 8009 7743 8304 7958 8493 8621 8959 8694 9162 8907 9456 9163 9658 9259 9839 9364 9984 9536 10317 10099 10621 10479 10931 10538 11032 10517 11187 10530 10956 10418 11046 10829 11511 10934 11475 10903 11235 10718 11468 11336 11895 11468 12057 11560 12161 11645 12456 11856 12578 11936 12714 12386 13093 12593 13301 13110 13483 13107 13462 13278 
0 0 85 193 191 258 468 363 522 461 759 779 927 853 1064 904 1108 1199 1388 1312 1762 1681 2088 2030 2471 2465 2747 2590 2908 2825 3100 3197 3400 3378 3639 3626 3885 3945 4482 4495 4685 4457 4776 4436 4924 4752 5208 5244 5460 5338 5691 5544 6015 5690 6226 5920 6348 6078 6669 6514 7176 6979 7505 7459 7750 7365 7919 7500 7909 7416 7918 7559 8339 8184 8529 8205 8649 8084 8431 8428 9328 9047 9482 9088 9603 9139 9878 9335 10201 9515 10167 9611 10385 9890 10675 10221 10797 10306 10640 10294 
0 0 0 84 190 211 315 378 435 376 512 595 901 749 874 863 1032 900 1192 1186 1378 1456 1835 1726 2156 2140 2612 2516 2767 2740 3160 3198 3448 3608 3774 3960 4191 4194 4628 4951 5383 5172 5522 5428 5750 5513 6266 6176 6631 6690 6962 6862 7226 7138 7467 7308 7820 7482 7997 7812 8416 8254 8731 8642 9059 8947 9034 8805 9235 8662 9011 8686 9126 9009 9607 9204 9557 9222 9427 8953 9560 9776 10284 9949 10228 9908 10339 10015 10604 10115 10850 10094 10783 10296 10863 10504 11285 10759 10996 10586 
0 0 0 0 100 203 238 361 475 406 517 453 737 841 977 886 1071 1097 1283 1313 1498 1563 1890 1966 2299 2296 2742 2778 3136 3027 3381 3471 3795 3830 3936 4081 4252 4430 4482 4683 5184 5433 5454 5309 5613 5537 5779 5828 6491 6348 6670 6745 6892 6855 7187 7016 7422 7302 7702 7517 8032 7926 8507 8308 8868 8817 9146 8966 9186 8983 9234 8749 9218 8988 9624 9479 9797 9554 9854 9433 9675 9611 10387 10368 10773 10433 10745 10491 10855 10531 11033 10567 11087 10519 11137 10587 11149 10921 11495 10778 
0 11 10 19 17 122 236 243 376 561 543 580 682 872 1171 1213 1406 1482 1564 1716 1924 1963 2089 2399 2597 2742 3047 3174 3512 3551 3764 3866 4210 4317 4512 4607 4581 4926 4970 5163 5294 5749 6062 6094 6066 6063 6324 6344 6615 6750 7098 6996 7161 7270 7295 7379 7443 7394 7653 7473 7833 7693 8098 8021 8379 8194 8609 8408 8494 8384 8468 8129 8289 7976 8372 8384 8828 8493 8810 8600 8652 8360 8844 9043 9435 9410 9662 9449 9691 9459 9687 9453 9843 9341 9913 9449 9877 9508 10083 9843 
0 0 10 19 8 16 102 223 231 342 542 603 548 650 865 1157 1156 1341 1465 1522 1574 1893 1956 2167 2379 2779 2892 3227 3506 3745 3932 4052 4322 4633 4846 5054 5164 5349 5383 5812 5736 6206 6454 6924 6891 7230 7206 7512 7733 8125 8349 8610 8868 9044 9111 9445 9465 9625 9694 9841 9965 10081 10408 10492 10851 10880 11173 11167 11406 11269 11403 11452 11364 11224 11337 11230 11647 11736 11788 11711 11790 11594 11503 11703 12176 12249 12377 12437 12560 12500 12512 12357 12418 12279 12379 12124 12540 12077 12429 12257 
0 0 0 9 17 16 6 107 279 300 478 720 860 943 1013 1352 1597 1745 1790 2105 2151 2369 2529 2757 2932 3273 3346 3708 3788 4144 4314 4448 4502 4722 4984 5200 5307 5463 5540 5811 5816 6144 6231 6833 6997 7142 7309 7664 7529 7808 7981 8346 8292 8590 8722 8924 8825 9270 9030 9319 9247 9386 9473 9690 9915 10091 10239 10340 10506 10466 10476 10532 10539 10565 10403 10369 10429 10586 10836 10830 10895 10862 10727 10698 10870 11374 11514 11809 11823 12222 12308 12487 12398 12538 12528 12648 12827 12962 13213 13212 
0 0 60 59 125 130 185 181 318 497 624 717 1109 1198 1320 1430 1699 1971 2038 2199 2283 2500 2617 2854 2841 3098 3367 3496 3604 3944 4118 4482 4623 4743 4970 5299 5597 5820 6009 6245 6540 6696 6738 7138 7492 7924 7902 8160 8479 8639 8611 8924 9202 9371 9478 9803 9880 10059 9997 10322 10130 10410 10246 10482 10578 10826 11049 11147 11269 11374 11414 11273 11373 11435 11325 11398 11246 11272 11486 11579 11621 11724 11671 11519 11390 11705 12016 12271 12465 12707 12567 12987 12823 12954 12687 12801 12583 12828 12761 12790 
52 51 101 158 264 208 317 285 383 439 699 750 993 1283 1541 1533 1701 1990 2214 2292 2398 2582 2600 2967 3130 3278 3350 3779 3891 4284 4418 4985 5215 5681 5645 6094 6267 6779 6919 7268 7382 7877 7903 8174 8236 8971 9105 9429 9469 9947 10012 10341 10285 10768 10781 11176 11245 11577 11499 11876 11588 12110 11796 12136 11952 12340 12334 12730 12737 12946 12934 13041 12828 12897 12848 12900 12667 12843 12667 12998 13059 13103 13168 13310 13124 13075 13279 13827 13891 14285 14420 14594 14528 15022 14861 15126 14886 15092 15049 15348 
20 70 138 84 207 210 277 169 314 231 397 483 631 710 1161 1235 1281 1287 1552 1763 1720 1810 1872 1966 2073 2462 2341 2560 2616 2885 3080 3497 3419 4052 3855 4170 3950 4473 4277 4774 4569 4994 4959 5345 5094 5542 5496 6183 5793 6349 6202 6615 6459 6954 6706 7131 7019 7597 7339 7766 7555 7882 7478 8022 7476 7950 7639 8093 7974 8338 8201 8475 8225 8291 8076 8218 8025 8182 7937 8320 8411 8689 8559 8732 8708 8821 8614 8866 9234 9573 9714 10086 10099 10417 10387 10848 10616 10877 10536 10887 
0 19 87 116 132 119 239 175 240 145 288 251 496 483 710 1002 1290 1166 1275 1455 1688 1795 1814 2016 2030 2357 2520 2765 2745 3145 3063 3604 3836 4224 4222 4732 4388 4899 4740 5264 5039 5570 5413 5945 5768 6124 6000 6576 6441 6858 6642 7252 6980 7402 7333 7853 7467 7961 7948 8392 8116 8681 8266 8749 8286 8856 8377 8973 8711 9293 9125 9578 9473 9734 9407 9693 9506 9712 9610 9837 9778 10490 10506 10524 10525 10592 10543 10605 10694 11075 11297 11677 11724 11936 12026 12333 12151 12491 12188 12381 
0 0 18 84 131 111 182 169 234 170 257 163 357 519 671 849 1287 1527 1617 1681 1955 2222 2340 2679 2626 2943 2998 3533 3372 3861 3870 4268 4335 5041 5177 5758 5569 6033 5811 6471 6236 6807 6535 7184 7050 7503 7255 7887 7844 8471 8021 8739 8520 9126 8795 9414 9295 9776 9384 10143 9911 10484 10328 10842 10383 10958 10323 11099 10536 11309 10971 11612 11317 11907 11572 11854 11531 11933 11572 11947 11676 12081 12163 12791 12372 12515 12309 12371 12167 12529 12644 12928 13100 13425 13234 13618 13622 13870 13511 13896 
0 0 38 54 154 198 230 263 363 295 407 363 493 448 904 966 1137 1525 1746 1792 1900 2127 2278 2430 2575 2841 2685 3124 3178 3484 3372 3974 3802 4371 4432 5024 5201 5481 5122 5601 5423 5915 5645 6099 5893 6505 6245 6584 6575 7254 7057 7359 7026 7736 7344 7899 7613 8206 7918 8440 8199 8796 8468 9235 8831 9236 8697 9137 8554 9289 8764 9520 9109 9696 9283 9730 9181 9565 9136 9469 9078 9410 9134 9811 9684 10022 9621 9714 9411 9472 9482 10019 9966 10351 10354 10580 10458 10889 10742 10943 
0 0 0 37 89 113 267 227 452 488 669 623 886 903 1209 1441 1923 1968 2474 2728 2867 3013 3413 3600 3769 4057 4260 4531 4632 5044 5007 5333 5460 5851 5970 6498 6599 7196 7240 7304 7148 7602 7437 7820 7603 8038 7948 8343 8108 8582 8740 9168 8764 9164 8925 9434 9083 9641 9411 9794 9612 10221 9867 10310 10208 10727 10243 10552 10022 10480 9986 10705 10275 10900 10529 10933 10457 10712 10326 10605 10162 10452 10065 10370 10396 10834 10555 10871 10548 10489 10296 10500 10790 11085 11239 11376 11388 11620 11726 11943 
0 0 55 54 143 191 301 378 531 534 839 680 881 721 1046 980 1423 1437 1773 1910 2292 2233 2484 2697 3068 3021 3340 3516 3744 4097 4196 4348 4450 4844 4883 5401 5604 6020 6252 6571 6528 6650 6605 6969 6938 7273 7269 7723 7711 8069 8248 8832 9017 9186 9141 9569 9393 9963 9864 10502 10308 10816 10950 11471 11195 11882 11774 12238 11859 12206 11905 12360 12064 12797 12462 13059 12740 13025 12619 12979 12747 12962 12739 12978 12827 13372 13419 13652 13608 13738 13513 13301 13494 13715 14015 14249 14430 14314 14599 14789 
0 0 0 54 107 87 187 190 355 335 532 523 707 484 708 565 938 962 1318 1224 1770 1819 2016 1897 2336 2352 2609 2546 2891 2930 3234 3485 3336 3530 3704 3914 4100 4643 4757 5287 5340 5551 5655 5858 5822 6280 6254 6576 6650 6957 6971 7399 7785 8073 8112 8325 8433 8641 8667 9240 9180 9608 9509 10105 10129 10498 10451 10906 10725 11058 10707 11058 10837 11258 11122 11710 11492 11900 11594 11784 11612 11906 11749 11964 11827 12084 12318 12677 12680 12937 12871 12889 12772 12740 13213 13243 13750 13807 14007 13912 
0 0 100 99 250 300 429 447 646 728 985 1029 1392 1282 1572 1387 1859 1774 2501 2445 2952 3063 3768 3626 4007 4091 4663 4573 5145 5105 5631 5726 6230 6264 6311 6588 6723 7079 7426 7865 8141 8469 8387 8571 8726 8764 8798 9083 9029 9269 9271 9447 9605 10078 10300 10121 10329 10362 10373 10446 10558 10821 10594 10880 10914 11161 11091 11454 11242 11403 11171 11316 11059 11281 11126 11313 11152 11473 11199 11249 10989 11049 10792 10811 10666 10620 10520 10812 10977 10949 11092 11033 10977 10878 11066 11086 11504 11519 11989 11846 
0 0 0 99 197 149 297 230 397 326 552 564 835 791 1011 764 1051 881 1375 1279 1899 1557 2247 2095 2603 2235 2820 2627 3041 2875 3430 3169 3734 3652 3946 3818 3982 3951 4282 4542 4859 5218 5428 5437 5475 5566 5777 5756 5926 6061 6237 6293 6495 6703 7255 7462 7572 7461 7927 7812 8122 8223 8460 8524 8584 8973 9074 9201 9512 9673 9546 9611 9549 9727 9686 9903 9846 9934 9923 10175 9943 10015 10006 9955 9801 9884 9835 9875 10154 10413 10527 10494 10645 10446 10498 10539 10859 10674 11159 10989 
0 0 0 0 98 195 245 196 323 293 464 422 669 719 952 795 974 751 1144 1024 1592 1422 1912 1777 2399 2091 2557 2419 2912 2587 3109 2975 3488 3311 3878 3615 3920 3914 3941 4097 4490 4703 5099 5359 5415 5400 5494 5498 5786 5752 5907 6044 6160 6188 6528 6858 7256 7051 7330 7189 7608 7509 7869 7830 7906 7991 8194 8405 8483 8756 8969 8997 8887 8995 9080 9354 9427 9633 9597 9732 9771 9958 9725 9950 9807 9774 9697 9795 9842 10175 10428 10565 10687 10602 10798 10641 11010 11159 11458 11389 
101 99 196 192 285 376 561 602 735 657 898 862 1137 1104 1459 1457 1646 1526 1786 1742 2233 2255 2793 2563 3285 3149 3642 3349 4041 3866 4230 4059 4614 4485 5075 4939 5324 5114 5545 5428 5657 5890 6249 6551 6864 6966 7005 7022 7087 7149 7472 7411 7620 7680 7736 7889 8318 8489 8466 8425 8666 8470 8884 8828 9021 8879 8946 9219 9206 9432 9608 9794 9818 9868 9739 10030 10006 10425 10285 10545 10357 10573 10354 10572 10302 10497 10187 10332 10088 10301 10453 10785 10744 10993 10896 10952 11022 11113 11433 11517 
0 99 196 95 190 91 280 278 417 369 486 358 609 524 826 840 1170 1069 1321 1231 1550 1565 2080 2046 2416 2462 3077 2873 3277 3271 3875 3649 4120 4059 4579 4604 5194 4965 5363 5391 5678 5855 6136 6432 6861 7169 7311 7489 7545 7632 7745 7942 8220 8310 8419 8510 8666 9067 9306 9227 9330 9479 9622 9654 10146 10146 10271 10339 10547 10809 10848 11362 11480 11695 11661 11896 11883 12263 12228 12688 12452 12799 12542 12737 12404 12805 12361 12610 12329 12509 12232 12846 12886 13225 13189 13498 13285 13490 13552 13861 
0 0 97 192 190 91 184 182 367 319 454 388 533 413 691 628 1045 1028 1160 1110 1293 1258 1536 1640 2094 1962 2592 2696 3102 2970 3512 3578 3989 3936 4409 4382 4954 5048 5511 5459 6054 6115 6589 6985 7247 7771 8119 8417 8553 8898 8941 9281 9517 9876 10280 10473 10599 10978 11415 11823 11852 12086 12407 12652 12912 13209 13647 13604 13835 14058 14171 14536 14780 15143 15220 15295 15335 15681 15655 15994 15911 16284 16054 16347 15997 16095 15875 16120 15675 15963 15658 15823 15885 16531 16325 16799 16586 16903 16605 16992 
0 16 15 124 215 225 220 133 314 320 450 408 515 483 624 540 825 881 1252 1046 1218 1187 1412 1422 1771 1899 2243 2254 2928 2719 2988 3012 3424 3323 3702 3669 4026 4000 4488 4404 4889 4918 5210 5351 5695 5996 6155 6528 6594 6818 6859 7129 7170 7579 7634 7936 8112 8147 8246 8742 8895 8846 8901 9118 9260 9395 9653 9816 9955 9942 10169 10258 10330 10854 10818 11187 11073 11270 11360 11759 11637 11993 11793 12234 11926 12189 11719 11993 11603 11926 11500 11850 11509 12097 12174 12665 12341 12833 12393 12796 
0 42 56 110 185 327 307 408 387 564 724 848 956 1055 1167 1296 1447 1532 1908 2077 2234 2303 2461 2694 2929 3263 3642 3907 4384 4677 5124 5001 5496 5697 5890 6045 6380 6515 6804 6960 7236 7427 7939 7911 8155 8482 8634 9147 9056 9444 9328 9645 9500 9941 10011 10407 10363 10668 10692 10917 11135 11541 11238 11400 11463 11670 11717 12009 12188 12255 12352 12524 12540 12761 12944 13352 13283 13618 13406 13801 13733 14173 13866 14244 13921 14412 13888 14156 13679 13902 13472 13922 13405 13835 13752 14463 14242 14731 14290 14785 
0 0 41 95 66 195 228 276 274 398 460 658 602 748 673 821 780 968 983 1209 1402 1416 1560 1670 1657 1960 2096 2526 2557 2939 3228 3354 3434 3600 3841 3906 3942 4291 4404 4718 4843 5046 5269 5741 5889 6078 6227 6700 6799 7336 7019 7502 7247 7661 7512 8262 8161 8581 8392 8684 8700 9185 9239 9354 9281 9612 9694 9996 10234 10636 10772 10892 11120 11240 11344 11828 11879 12255 12133 12367 12337 12652 12619 12948 12670 12998 12745 13090 12602 12928 12438 12689 12423 12730 12338 12979 13065 13450 13282 13615 
0 0 11 50 111 120 174 295 244 339 364 595 724 785 796 913 929 1074 1137 1334 1528 1717 1797 1935 2156 2236 2333 2742 3011 3299 3477 3956 4154 4186 4515 4695 4766 4926 5107 5476 5542 5919 5864 6255 6526 6861 6993 7310 7375 7987 7891 8386 7980 8499 8154 8735 8713 9453 9190 9625 9316 9745 9901 10399 10083 10397 10397 10550 10622 10904 11118 11274 11330 11372 11464 11553 11838 12068 12010 12200 11995 12267 12181 12392 12290 12501 12208 12450 12086 12292 11885 12013 11568 11796 11399 11630 11519 12178 12013 12290 
0 0 0 10 58 97 115 190 241 266 270 380 522 811 819 787 784 831 859 959 1041 1266 1433 1363 1571 1637 1832 1872 2075 2467 2607 2895 3188 3435 3462 3604 3880 3812 3904 4126 4269 4516 4589 4802 4887 5420 5391 5832 5929 6328 6380 6956 6747 7298 6861 7430 7187 8024 8027 8733 8518 8954 8812 9507 9701 9957 9866 10362 10304 10554 10807 11175 11386 11586 11793 11824 12115 12502 12692 12919 12844 13041 13039 13342 13386 13623 13630 13884 13735 13920 13651 13980 13611 13829 13591 13798 13628 14245 14461 14964 
0 0 0 0 9 55 102 101 191 263 227 303 328 549 755 916 835 783 800 852 923 1034 1218 1474 1460 1574 1784 1879 2109 2299 2562 2867 3079 3511 3692 3794 4041 4199 4351 4359 4627 4867 5001 5297 5323 5703 6024 6286 6285 6784 6844 7323 7141 7685 7339 7844 7279 7925 7753 8681 8477 9085 8699 9171 9126 9735 9546 9899 9846 10150 9970 10268 10477 10773 10896 11171 11238 11394 11842 12059 12118 12276 12094 12433 12355 12731 12692 12851 12779 12996 12696 12814 12589 12803 12457 12723 12441 12728 12794 13440 
41 40 79 77 183 187 333 407 511 608 785 794 895 1007 1312 1607 1847 1923 2076 2042 2306 2395 2710 2937 3377 3465 3726 3846 4175 4302 4765 5006 5279 5634 6079 6381 6506 6704 7044 6965 7267 7378 7742 7903 8166 8338 8603 9130 9263 9476 9616 10175 10382 10740 10595 11145 10833 11411 10987 11904 11893 12805 12407 13135 12826 13672 13577 14079 14023 14636 14434 14925 14829 15442 15607 16003 16118 16442 16453 16950 17058 17327 17170 17400 17216 17650 17498 17958 17725 18065 17896 18210 17767 18160 17715 18152 17733 18145 17820 18442 
0 40 79 38 76 177 287 292 469 471 611 675 736 768 859 1142 1482 1631 1858 1993 2237 2098 2482 2472 2992 3144 3464 3522 3848 3853 4382 4515 5204 5238 5744 6119 6628 6675 7087 7189 7544 7431 8086 8127 8521 8644 8893 9141 9665 9857 10070 10275 10610 11173 11227 11490 11334 11782 11529 12112 11826 12800 12677 13336 12967 13782 13559 14291 13820 14393 14329 14715 14465 14967 14780 15292 15165 15503 15355 15719 15763 16089 15955 16179 15811 16175 15823 16324 16004 16415 16111 16454 15959 16249 15677 15978 15385 15900 15341 15958 
0 0 39 77 76 36 212 316 318 356 421 530 596 663 702 833 1046 1466 1614 1846 2020 2136 2166 2040 2305 2388 2811 2731 3002 3028 3197 3306 3798 3861 4380 4353 4921 5070 5365 5408 5768 5605 5963 5922 6551 6341 6804 6718 7149 7487 7785 7890 8194 8427 8871 9106 9168 9367 9211 9657 9520 10163 10049 10902 10636 11242 11005 11860 11573 11992 11681 12304 12101 12497 12356 12840 12655 13043 12943 13177 13154 13701 13477 13712 13431 13660 13323 13723 13359 13876 13429 13947 13566 13767 13194 13605 12891 13283 12715 13301 
49 48 95 131 213 211 252 346 562 555 709 702 1074 1168 1299 1399 1566 1871 2256 2536 2882 3109 3378 3356 3609 3442 4006 4067 4470 4411 4856 4789 5270 5406 6023 5984 6721 6666 7288 7127 7688 7580 7943 7682 8363 8195 8820 8576 9074 8926 9686 9562 9943 9907 10408 10524 10814 10828 10994 10970 10909 11285 11310 11940 11818 12342 12132 12685 12629 13267 12739 13170 12976 13325 13258 13624 13596 13951 13729 14011 13889 14122 14370 14538 14318 14387 14207 14439 14094 14443 14058 14403 14033 14431 13884 13959 13489 13710 13083 13442 
0 48 95 46 129 117 175 126 314 365 486 548 707 766 1171 926 1140 1038 1432 1597 1986 2156 2640 2603 2880 2731 3113 2906 3617 3396 3985 3838 4364 4350 5027 5039 5726 5663 6538 6308 6865 6738 7391 7070 7569 7463 8245 7919 8733 8469 9131 9269 9856 9780 10295 10449 11103 11059 11388 11492 11689 11737 11858 12404 12583 13199 12918 13484 13377 14094 13981 14367 14005 14575 14257 14758 14796 15172 15148 15363 15164 15336 15338 15752 15748 15833 15565 15684 15624 15786 15509 15851 15424 15855 15493 15725 15238 15409 14941 15230 
0 0 47 93 92 80 259 222 373 444 725 660 981 1028 1383 1393 1668 1428 1733 1782 2325 2422 2984 3046 3544 3277 3582 3411 3902 3697 4271 4093 4604 4401 4990 5031 5600 5552 6225 6176 6891 6478 7120 6970 7463 7162 7857 7795 8374 8183 8930 8773 9472 9392 9761 9766 10210 10477 10720 10685 10860 10959 10995 11199 11278 11944 11911 12371 11944 12614 12489 13161 12634 13187 12821 13273 12963 13579 13472 13922 13668 13966 13575 13936 14034 14272 14106 14212 13918 14217 13986 14267 13891 14244 13803 14284 13669 14007 13530 13626 
0 0 0 46 91 90 124 209 360 224 492 467 642 646 962 1074 1385 1233 1545 1400 1975 2171 2760 3020 3584 3648 4108 3853 4320 4421 4918 4744 5361 5263 5722 5792 6430 6561 7065 7187 7860 7832 8340 8183 8773 8557 9031 9011 9711 9539 10115 9986 10696 10698 11095 11089 11444 11702 12161 12336 12487 12596 12665 12894 12982 13415 13514 14213 13933 14480 14073 14986 14769 15285 14870 15653 15122 15766 15546 16196 16132 16529 16220 16492 16159 16773 16563 16793 16510 16751 16492 16774 16520 16792 16294 16708 16195 16500 15867 16276 
0 0 88 143 273 369 450 532 740 845 971 998 1334 1249 1649 1689 2116 2224 2424 2403 2675 2888 3401 3582 4133 4334 4709 4676 4966 4813 5370 5419 5600 5502 5856 5739 6139 6411 6818 7041 7486 7764 8241 8167 8709 8695 9006 8957 9530 9699 10119 10118 10581 10681 11372 11333 11635 11774 12105 12537 12688 13001 13082 13317 13313 13809 13926 14586 14533 15238 14872 15671 15339 16380 15779 16571 16166 16947 16387 17275 16900 17672 17382 17802 17304 17812 17639 18123 17813 18092 17849 18284 17894 18312 17944 18245 17766 18253 17543 17965 
0 0 0 87 228 261 332 318 377 489 617 561 752 715 899 911 1254 1286 1626 1559 1805 1682 2125 2304 2675 2882 3285 3358 3558 3418 3733 3731 4171 3973 4174 3973 4258 4239 4792 4989 5228 5542 5898 5985 6178 6147 6601 6331 6527 6608 7109 7043 7385 7324 7788 7919 8259 8191 8346 8534 8815 9011 9089 9250 9113 9202 9139 9592 9633 10078 9756 10317 9842 10665 10140 10768 10143 10997 10303 11109 10531 11401 10919 11626 11228 11621 11254 12081 11596 12028 11591 11970 11771 12147 11758 12146 11697 12107 11612 12029 
0 0 0 0 86 225 342 317 322 339 471 556 568 630 800 668 987 998 1376 1378 1587 1617 1803 1904 2358 2496 2938 3005 3333 3267 3414 3327 3840 3747 3991 3832 3977 3724 4146 4285 4803 4838 5206 5497 5703 5570 5910 5848 6151 5910 6334 6506 6857 6873 7235 7329 7887 7823 8204 8183 8456 8770 8881 9173 9196 9299 9196 9450 9512 10096 10088 10464 10164 10794 10498 11336 10560 11349 10909 11646 11025 11971 11436 12350 11712 12444 11904 12453 12283 12814 12148 12504 12088 12554 12207 12610 12096 12427 11994 12396 
0 0 0 0 0 85 222 336 395 306 343 451 557 544 672 730 802 818 1130 1193 1532 1421 1714 1696 2092 2218 2617 2916 3209 3288 3510 3469 3697 3948 4395 4249 4651 4567 4774 4785 5469 5693 6247 6519 7053 7299 7498 7604 8114 7993 8517 8575 9092 9190 9623 9774 10274 10564 10909 10986 11387 11568 11932 12161 12332 12636 12559 12757 12766 13190 13350 14004 13888 14386 14110 14994 14677 15342 14680 15704 15164 16017 15548 16595 16113 16889 16273 17032 16629 17532 17091 17586 16862 17380 17070 17523 17211 17610 17048 17512 
0 0 32 31 61 59 171 303 440 493 513 450 601 675 706 870 1012 1034 1264 1334 1706 1790 2020 2048 2294 2597 3015 3202 3752 4011 4141 4215 4290 4421 4811 5083 5177 5279 5493 5371 5676 5850 6457 6627 7251 7426 7764 7743 8036 8056 8374 8269 8946 8899 9225 9297 9738 9925 10407 10396 10688 10694 11104 11292 11398 11603 11615 11742 11597 11826 11850 12301 12391 12826 12546 12962 12678 13443 12723 13397 12757 13619 13003 13833 13290 14263 13497 14188 13483 14315 13981 14575 13898 14300 13552 14150 13653 14092 13621 13961 
0 0 94 124 246 212 331 380 629 703 871 833 968 967 1177 1127 1426 1556 1616 1752 1992 2087 2437 2387 2713 2673 3201 3508 3834 4171 4528 4627 4616 4633 4755 5134 5430 5442 5668 5734 5798 5852 6388 6399 7023 7178 7779 7684 7924 7971 8349 8160 8656 8681 9334 9180 9562 9722 10281 10527 10824 10886 11214 11353 11878 11934 12123 12288 12235 12406 12403 12759 12928 13420 13408 13876 13658 14328 14068 14681 14112 15026 14380 15373 14812 15861 15390 16372 15589 16469 15888 17050 16407 17164 16384 17042 16361 17048 16516 17063 
0 0 0 93 215 150 240 152 351 394 613 578 685 621 843 762 877 953 1245 1155 1354 1431 1810 1815 2184 2158 2568 2734 3413 3548 4158 4279 4591 4521 4637 4685 5227 5483 5695 5807 6166 6052 6452 6728 7282 7137 7998 7948 8531 8149 8698 8627 8927 8713 9455 9345 10005 9832 10232 10427 10967 10948 11330 11302 11772 11897 12304 12362 12523 12540 12548 12775 12917 13331 13564 13865 13918 14358 14237 14838 14296 14951 14505 15310 14694 15637 15194 16250 15516 16405 15532 16504 15981 16815 16069 16728 15826 16556 15652 16318 
0 0 96 95 281 399 518 421 696 684 1040 1048 1321 1222 1462 1478 1777 1595 2004 2062 2303 2335 2637 2836 3282 3109 3736 3519 4364 4400 5137 5276 5959 5771 6208 6011 6452 6530 7198 6998 7563 7442 7875 7743 8606 8561 9150 8913 9847 9462 10039 9650 10426 9975 10603 10465 11415 11162 11965 11658 12267 12388 12836 12856 13314 13206 13843 13636 14216 14057 14156 14043 14191 14364 14644 14917 15043 15283 15385 15783 15674 15987 15572 16322 15857 16654 16075 17089 16733 17483 16733 17565 16859 17921 17146 17907 17123 17759 16983 17643 
0 71 70 234 326 388 596 592 678 648 994 907 1227 1097 1310 1214 1536 1502 1704 1688 2090 1952 2322 2314 2749 2880 3163 3120 3659 3593 4449 4271 5157 5102 5623 5197 5654 5413 6025 5869 6302 6121 6663 6293 6909 6914 7656 7337 8032 7600 8398 7743 8499 8075 8672 8157 9047 8741 9582 9106 9812 9441 10013 9783 10293 10137 10540 10366 10793 10529 11024 10593 10728 10591 10873 11024 11365 11387 11662 11819 11930 12210 11979 12291 12051 12660 12290 13009 12611 13597 13061 13692 13024 13920 13451 14182 13568 14222 13655 14358 
0 0 70 139 217 377 449 535 634 601 763 808 1088 1068 1319 1230 1507 1587 1802 1831 2139 2271 2422 2558 2842 3113 3436 3552 3911 3927 4554 4648 5305 5417 6125 6048 6347 6075 6546 6596 7038 6774 7284 7196 7546 7466 8262 8251 8855 8738 9367 8901 9541 9156 9984 9472 10104 9923 10809 10475 11247 10825 11608 11337 11711 11673 12147 12071 12535 12284 12774 12546 12888 12601 12824 12756 13128 13241 13431 13496 13777 13819 13901 14016 13859 14133 13835 14363 13998 14696 14353 14960 14384 14882 14352 15248 14519 15175 14507 14980 
0 0 0 69 137 343 417 575 669 667 750 810 1055 1055 1404 1336 1442 1436 1704 1700 1873 2082 2303 2264 2458 2589 2926 3165 3256 3584 3783 4025 4596 4635 5362 5447 5923 5770 6012 5897 6454 6476 6619 6570 6984 6838 7291 7515 8118 8103 8730 8516 8977 8333 9107 8769 9381 8881 9718 9515 10262 9840 10545 10181 10941 10450 10910 10808 11248 11200 11487 11271 11693 11288 11671 11433 11635 11622 11958 11887 12144 12176 12369 12349 12305 12456 12293 12478 12223 12703 12441 13135 12609 13113 12597 13188 12852 13448 12847 13414 
0 0 0 0 68 135 338 538 495 675 621 607 720 842 985 1077 1320 1141 1275 1385 1519 1598 1899 1998 2008 2055 2205 2432 2696 2751 3009 3222 3495 3731 4094 4255 4804 4713 4965 4807 5102 5124 5556 5334 5602 5504 5775 5773 6445 6520 7047 7097 7548 7218 7509 6973 7793 7226 7947 7631 8553 8203 8962 8470 9340 8946 9604 9204 9722 9578 10173 9954 10400 10201 10573 10286 10847 10664 11050 11075 11361 11493 11855 11927 12196 12186 12307 12576 12549 12889 12813 13450 13500 14061 13755 14258 14197 14912 14608 15250 
0 0 0 0 0 67 133 333 530 613 594 683 617 778 949 1115 1395 1538 1639 1638 1850 1972 2149 2489 2640 2664 2824 2947 3251 3524 3661 3987 4179 4565 4873 5057 5576 5713 6118 5957 6232 6263 6715 6665 6882 6825 7069 6866 7307 7548 8100 8131 8737 8686 9037 8609 9005 8582 9208 8807 9727 9426 10216 9803 10501 10093 10930 10355 11191 10752 11316 11227 11741 11575 12206 11850 12354 12134 12752 12637 13070 12975 13476 13636 13918 13984 14143 14213 14331 14639 14648 14886 14879 15531 15427 15752 15423 15922 16007 16207 
92 91 181 179 267 264 416 477 840 1028 1272 1368 1420 1485 1746 1952 2138 2426 2724 2633 2849 2872 3044 3157 3623 3767 3883 4006 4280 4441 4836 4877 5330 5485 5905 6235 6552 6800 7349 7261 7652 7434 7950 8055 8493 8160 8705 8546 8855 8743 9588 9633 10302 10338 11003 10785 11105 10718 11368 10712 11643 11393 12463 12000 12844 12335 13230 12750 13515 13077 13980 13367 14096 13713 14457 14252 14908 14292 15030 14551 15404 15016 15568 15370 16031 15795 16204 16018 16391 16307 16600 16798 16850 17007 17260 17581 17499 17586 17590 18115 
0 91 181 89 178 87 175 150 301 487 844 755 1021 909 953 1068 1391 1398 1721 1905 1991 1896 2195 2077 2299 2591 2920 2764 3033 3007 3375 3368 3627 3721 4092 4219 4676 4758 5223 5251 5665 5323 5739 5523 6202 6057 6306 6068 6601 6142 6635 6563 7300 7116 7879 7636 8289 7714 8228 7817 8395 7728 8947 8544 9650 8944 9963 9414 10499 9720 10896 10308 11310 10667 11474 11120 12272 11761 12597 11895 12901 12340 13452 12875 13859 13397 14194 13806 14506 14251 14810 14635 15173 15154 15473 15724 16001 16177 16275 16517 
0 0 90 179 178 87 175 85 236 210 567 746 917 848 1069 942 1116 1285 1489 1620 1818 1790 1851 1838 1982 1917 2324 2557 2601 2672 2883 3025 3315 3248 3646 3730 4161 4396 4690 4982 5386 5346 5660 5481 6039 6116 6684 6464 6945 6810 7184 7022 7747 7687 8401 8448 9126 9004 9486 9098 9760 9273 9993 9604 10710 10334 11227 10597 11601 10987 11809 11194 12246 11505 12495 11675 12512 12304 13147 12406 13222 12471 13467 12905 13900 13490 14285 13699 14480 14112 14717 14371 14816 14699 15000 15052 15491 15576 15568 15725 
0 90 89 266 352 437 433 427 510 566 709 968 1310 1385 1564 1519 1714 1783 2006 2164 2482 2596 2613 2710 2868 2849 3054 3306 3659 3797 3918 4114 4346 4590 4688 4934 5185 5502 5901 6235 6596 7162 7358 7414 7763 7912 8478 8636 8862 9060 9377 9273 9661 9908 10369 10467 11121 11254 11727 11609 11954 11884 12215 12144 12879 12662 13539 13321 14125 13836 14658 14138 15082 14693 15548 15133 15917 15462 16410 16236 16820 16389 17198 16764 17618 17251 18163 17878 18336 18026 18621 18457 18770 18670 18983 18982 19161 19668 19756 19778 
0 0 187 274 451 622 707 787 869 858 1086 1134 1559 1803 2043 2125 2327 2260 2650 2768 2986 3252 3553 3487 3628 3757 3977 3958 4541 4684 5015 5171 5316 5551 5787 5939 6244 6422 6806 7174 7653 8134 8567 9013 8954 9137 9525 9738 10109 10069 10483 10658 10774 10878 11438 11619 12009 12242 12758 12884 13143 13099 13528 13346 13862 14011 14491 14268 14871 14775 15491 15044 15545 15170 15919 15347 16202 15603 16414 16080 16830 16400 17053 16613 17496 16922 17719 17364 18159 17662 18155 17741 18303 17915 18224 18063 18252 18195 18595 18824 
0 0 0 185 368 438 611 516 601 507 591 472 701 782 1204 1108 1369 1241 1437 1339 1844 1736 2128 2160 2355 2200 2445 2430 2749 2770 3347 3147 3597 3458 3749 3772 4024 4165 4361 4469 4876 5125 5723 5931 6228 6175 6224 6286 6717 6592 6776 6785 7176 6975 7302 7409 7830 7789 8248 8203 8663 8442 8724 8637 9034 8958 9764 9598 10149 9701 10509 10377 11024 10326 11157 10657 11417 10932 11796 11142 12282 11680 12401 11800 12672 12090 13058 12238 13284 12676 13497 12905 13551 12981 13600 13096 13637 13256 13677 13769 
0 0 0 0 183 364 529 596 616 521 619 524 679 557 989 1060 1311 1225 1438 1291 1608 1612 2035 1986 2290 2111 2357 2198 2441 2421 2910 2829 3264 3084 3435 3347 3619 3564 3988 3930 4240 4353 4821 5169 5672 5723 5774 5800 5969 6047 6373 6048 6494 6500 6729 6752 7234 7220 7577 7643 7983 7977 8238 8124 8508 8472 9205 9275 9924 9692 10174 9798 10716 10376 10915 10458 11301 10728 11693 11134 12057 11635 12704 11960 12706 12200 13194 12584 13555 12868 13906 13205 14090 13531 14180 13543 14199 13802 14277 13989 
0 0 0 0 0 181 360 523 684 600 618 509 605 557 709 770 1193 1082 1345 1203 1403 1433 1854 1841 2322 2253 2403 2336 2625 2524 2805 3007 3430 3268 3749 3527 3952 3896 4111 4270 4515 4610 4940 5151 5728 6015 6370 6209 6344 6512 6698 6701 6824 6789 7221 7095 7449 7647 7917 7912 8284 8297 8586 8444 8618 8655 8907 9254 9954 9724 10248 9831 10322 9948 10631 10068 10820 10266 10890 10411 11167 10556 11571 11135 11933 11267 11983 11656 12504 11996 12979 12395 13226 12685 13498 13071 13544 13071 13726 13380 
0 0 50 49 97 95 320 494 699 854 906 816 859 746 1007 951 1395 1441 1832 1722 2071 1902 2414 2527 2936 2961 3418 3174 3429 3378 3755 3662 4187 4298 4661 4521 4972 4801 5268 5130 5563 5517 5921 6004 6434 6718 7235 7339 7482 7363 7677 7816 7960 7728 8161 8077 8390 8350 8885 8870 9163 9169 9526 9485 9680 9440 9801 9746 10411 10838 11271 11010 11472 11161 11765 11251 11823 11659 12407 11823 12634 12189 12982 12699 13781 13310 13936 13473 14122 13871 14565 14292 15037 14461 15111 14807 15409 15100 15402 15230 
0 0 0 49 97 47 94 222 443 554 756 718 770 626 672 649 908 933 1371 1188 1591 1295 1633 1511 2127 1971 2445 2264 2585 2276 2595 2474 2907 2832 3419 3287 3860 3517 4211 3919 4500 4418 4852 4814 5479 5516 6288 6382 6992 6763 7217 7158 7802 7706 7987 7878 8611 8264 9109 9104 9876 9754 10491 10359 11093 10844 11407 11241 11970 12208 13406 13450 14119 13693 14520 14211 14924 14208 15407 15141 15788 15295 16072 15578 16617 16324 17284 16580 17316 16876 17509 17204 18039 17678 18328 17772 18554 18232 18652 18367 
0 0 0 0 48 95 118 68 341 463 713 816 912 866 944 793 999 964 1365 1406 1740 1587 1917 1624 2148 2138 2619 2524 2917 2599 2965 2705 3056 2969 3508 3473 3935 3792 4229 3832 4472 4001 4794 4425 5026 4959 5730 5692 6431 6216 6651 6334 7078 6962 7612 7101 7777 7426 8169 7835 8936 8469 9360 8991 9817 9389 10201 9664 10453 9933 11123 11172 12172 11764 12454 11813 12835 12129 12835 12261 13557 12718 13664 12851 13792 13262 14496 13828 14759 13908 14861 14168 14951 14551 15495 14814 15584 14955 15816 15114 
0 0 0 0 0 47 93 115 136 266 531 635 878 835 927 906 981 989 1187 1298 1716 1664 1965 1756 2032 1953 2536 2426 2918 2783 3003 2773 3150 2969 3324 3389 3937 3830 4251 4030 4480 4105 4671 4477 5087 4767 5436 5356 6147 5962 6550 6050 6542 6451 7278 6937 7310 6952 7663 7083 8103 7833 8707 8193 9163 8705 9560 9038 9874 9273 10030 9755 11106 10747 11648 11031 11845 11175 12154 11214 12347 11641 12644 11862 12764 11870 13029 12455 13567 12627 13641 12769 13769 12981 14059 13524 14522 13717 14781 14034 
0 0 0 0 0 0 46 91 112 132 329 455 719 820 865 822 885 863 981 988 1223 1364 1589 1524 1676 1468 1861 1890 2276 2227 2588 2338 2557 2394 2766 2644 3071 3198 3603 3508 3784 3634 4043 3659 4436 4125 4724 4535 5224 5225 5905 5660 5996 5641 6386 6457 6990 6461 6999 6757 7262 6923 8071 7550 8358 7896 8757 8304 9048 8521 9280 8616 9660 9510 10507 10007 10758 10226 11059 10317 11117 10496 11558 10451 11573 10647 11533 10766 11954 11179 12093 11254 12332 11530 12520 11934 12979 12219 13198 12428 
0 0 0 0 0 46 45 134 176 238 254 488 675 842 1093 1039 1129 1140 1243 1341 1498 1640 1937 1982 2218 2091 2263 2268 2778 2753 3205 3159 3404 3272 3546 3573 3980 4106 4571 4723 5102 5018 5326 5278 5625 5579 6179 5979 6732 6671 7455 7447 8075 7676 8114 8144 9003 8915 9220 9023 9653 9371 10079 10018 10934 10393 11260 10797 11674 11206 11960 11437 12144 11839 13010 12573 13440 12850 13686 13221 13975 13105 14202 13550 14234 13282 14293 13386 14416 13703 14706 13755 14780 14016 14987 14238 15270 14709 15427 14696 
81 108 186 210 285 306 431 492 565 664 708 777 989 1223 1432 1599 1676 1680 1803 1760 1966 2061 2339 2515 2706 2736 2897 2826 3191 3344 3746 3821 4137 4015 4246 4212 4553 4659 5034 5250 5484 5664 5814 5829 6013 5975 6439 6304 6815 6859 7551 7506 8114 7987 8308 7940 8605 8705 9169 8815 9222 9078 9446 9290 10060 9708 10405 9873 10600 10109 10815 10365 11062 10514 11524 11367 12217 11687 12425 11950 12825 12313 12919 12384 13434 12455 13271 12276 13285 12577 13641 12810 13632 12848 13942 13129 14148 13583 14520 13741 
0 80 248 191 299 240 344 334 483 454 635 622 772 979 1290 1494 1800 1747 2013 2000 2196 2206 2580 2739 3120 3132 3353 3252 3513 3574 4012 4011 4439 4350 4527 4402 4666 4709 5069 5149 5554 5624 5829 5857 6048 6008 6141 6279 6593 6466 7222 7293 7997 7864 8437 8080 8507 8426 9236 9011 9295 9150 9681 9380 9946 9949 10520 10064 10845 10279 11066 10499 11311 10908 11551 11237 12418 11882 12657 11934 12809 12302 13153 12420 13371 12719 13448 12533 13311 12248 13440 12703 13648 12569 13545 12758 13792 12951 14151 13414 
0 0 79 243 325 182 288 173 326 260 402 433 590 531 903 1061 1325 1482 1554 1556 1789 1646 1887 1874 2309 2386 2617 2531 2641 2534 2944 2981 3295 3286 3581 3329 3536 3416 3789 3822 4187 4305 4603 4648 4827 4901 5155 5072 5496 5494 5962 6090 6940 6897 7645 7355 7829 7456 8289 8236 8859 8352 8968 8830 9332 9113 9955 9658 10243 9764 10614 9997 10816 10240 11196 10621 11595 11394 12365 11588 12343 11599 12617 11929 12738 12195 13202 12109 13071 12030 12901 11940 13267 12339 13228 12228 13391 12477 13666 12937 
