2 77 99
84 76 79
93 77 44
67 20 87
46 59 28
63 71 92
99 94 26
98 49 36
94 53 53
2 93 100
51 91 46
76 43 32
81 88 90
77 61 16
63 88 25
59 9 25
67 77 7
19 31 44
42 73 8
65 46 71
49 78 27
39 13 51
43 23 70
74 25 61
67 12 35
16 84 64
40 13 63
33 76 81
76 35 24
65 20 29
17 0 75
42 11 47
47 2 38
60 97 55
1 47 42
72 82 24
68 64 6
65 34 75
84 98 53
29 52 51
5 19 33
49 96 32
70 45 37
27 10 53
87 53 41
64 79 97
27 32 55
22 47 13
17 69 20
40 15 16
16 29 19
66 0 49
75 60 23
99 50 35
49 57 98
95 91 91
61 72 33
51 16 70
31 15 22
74 40 87
85 55 24
96 96 18
68 42 36
42 12 34
11 23 87
11 77 77
57 1 16
7 66 30
32 37 82
93 8 30
80 92 51
78 74 15
57 71 30
54 0 66
43 29 54
46 91 25
49 27 36
70 86 64
4 61 73
29 44 31
20 98 48
95 62 53
61 96 71
50 79 85
62 49 9
37 94 7
42 22 1
18 45 97
64 18 100
19 46 55
24 39 52
24 88 75
74 81 32
92 52 93
53 44 11
86 22 33
69 29 92
40 45 88
62 75 60
73 42 89
57 89 20
55 76 13
28 54 69
36 57 78
1 94 100
91 62 40
94 15 26
57 31 60
70 75 23
28 29 17
98 98 10
43 78 83
83 82 63
37 29 96
67 87 36
32 34 61
7 70 57
85 96 56
62 38 23
94 15 7
12 19 39
56 38 72
48 13 80
74 27 6
38 4 17
54 17 74
86 63 99
49 27 35
93 6 24
13 17 24
90 21 63
41 79 48
80 88 28
38 54 49
98 18 42
44 80 72
58 7 55
61 85 14
56 51 49
16 30 34
35 16 23
14 53 96
37 69 4
17 7 77
43 84 65
78 20 4
28 26 89
68 79 54
86 34 11
50 37 41
5 56 57
23 37 53
4 13 44
29 71 20
37 40 67
49 49 36
53 68 53
33 86 18
77 55 84
91 18 43
88 53 42
88 56 6
59 67 16
15 98 49
52 54 22
4 59 97
84 17 51
65 67 39
76 34 68
92 58 99
63 64 46
20 45 14
48 86 98
48 6 74
9 56 11
22 90 72
39 97 10
58 90 57
14 44 3
82 81 36
26 37 23
86 1 90
91 22 7
29 86 50
41 11 62
31 42 24
64 5 73
12 42 81
13 38 57
88 20 48
88 64 32
61 58 100
26 63 32
55 39 37
88 85 5
8 77 94
42 28 90
31 7 21
32 6 96
47 14 30
6 35 33
75 85 95
64 27 14
32 58 97
56 41 17
97 27 62
22 72 40
46 30 37
41 87 79
13 8 88
67 91 13
35 64 6
68 27 85
23 67 3
68 74 28
85 81 92
22 22 100
82 94 22
82 68 89
63 82 17
92 65 85
58 46 28
9 69 21
58 57 31
74 38 37
28 94 45
76 62 86
63 89 12
97 1 28
4 10 22
52 11 20
58 25 44
60 75 35
64 17 86
76 24 41
20 7 43
59 62 93
6 29 41
44 57 11
70 37 84
17 53 42
38 25 16
5 53 60
26 44 94
35 9 97
6 15 17
4 81 93
54 75 45
12 96 24
66 20 80
77 69 40
70 37 51
14 17 2
92 57 23
87 40 79
70 58 40
69 13 53
84 64 43
93 59 12
96 95 63
19 54 72
91 14 71
75 42 87
87 76 90
24 17 83
69 54 45
61 47 17
21 22 72
6 76 8
95 51 25
99 11 27
21 94 5
36 3 24
58 9 81
87 35 75
56 93 54
68 6 99
87 26 67
23 38 89
17 69 94
6 16 53
27 63 78
83 24 81
74 99 16
84 87 78
18 9 68
21 43 55
5 49 71
10 29 40
62 73 61
18 52 67
28 78 2
17 85 66
32 98 40
21 80 42
41 87 88
39 1 11
67 49 95
85 40 69
10 25 63
61 67 56
68 70 5
4 66 41
19 57 68
66 10 82
94 78 39
41 17 31
60 43 71
22 58 72
33 76 97
46 71 17
8 67 99
69 71 35
5 48 82
35 97 69
82 16 44
25 50 27
44 93 35
9 3 41
56 58 51
66 61 42
64 98 54
35 93 70
46 13 75
25 48 63
50 40 74
1 61 45
81 15 38
88 64 77
62 66 16
91 50 47
63 23 30
71 40 31
33 89 66
61 45 88
32 26 88
70 85 54
91 30 39
75 55 91
46 47 93
2 30 70
22 76 52
11 98 29
81 81 27
61 84 70
31 15 50
44 59 23
7 28 23
74 2 32
86 29 96
34 44 44
70 53 49
32 21 99
84 95 91
4 77 38
42 2 60
55 15 85
79 48 84
89 53 39
53 94 83
44 81 27
18 53 4
90 74 40
61 19 7
29 50 11
81 81 38
3 33 53
53 73 58
81 40 42
28 45 12
69 20 92
90 83 91
59 37 90
40 35 11
83 0 92
12 32 100
9 15 18
70 19 53
64 63 32
95 63 5
51 28 20
7 43 100
72 49 92
80 10 14
9 25 39
11 67 34
25 50 18
45 68 62
98 76 33
29 31 86
8 15 81
96 29 45
54 0 35
26 40 12
44 89 67
86 39 95
15 5 7
82 17 16
83 46 68
21 10 14
62 96 37
40 20 75
75 93 62
41 20 35
98 80 1
24 60 26
19 85 54
92 78 8
6 96 100
10 32 88
22 5 47
69 78 37
91 95 93
12 84 90
19 96 59
5 13 72
25 26 46
97 71 58
38 62 59
86 91 13
67 45 48
21 65 100
10 5 46
91 69 90
92 34 96
76 74 7
44 76 49
93 66 54
20 37 6
46 34 64
43 92 48
1 58 72
42 36 50
26 35 67
89 66 100
46 19 23
35 13 77
82 92 18
29 57 16
69 57 24
43 60 18
3 8 34
82 61 54
78 15 60
11 59 58
57 75 87
67 23 98
17 50 59
43 43 32
22 10 96
59 46 9
33 75 41
53 86 41
58 21 83
71 5 23
48 68 63
98 2 29
82 81 18
98 2 33
35 4 39
52 59 38
34 0 87
89 75 57
75 75 92
52 52 23
47 17 12
43 79 3
25 94 44
37 46 40
73 71 78
87 80 90
43 7 32
45 78 41
96 48 91
20 15 2
84 44 10
10 97 95
2 98 10
96 67 20
76 22 93
24 5 30
25 69 98
40 78 11
22 16 1
65 49 35
18 4 58
56 96 16
26 88 20
81 92 80
53 73 16
14 42 4
74 85 36
4 42 2
78 82 87
76 26 9
14 30 77
17 4 83
23 11 86
49 44 98
35 87 86
21 6 45
31 0 98
84 13 40
35 78 60
99 54 57
31 39 12
84 66 73
46 23 19
73 36 96
23 37 15
11 88 7
63 63 100
27 2 30
44 84 2
46 13 45
30 34 10
59 40 24
23 53 22
51 18 48
5 63 60
13 96 80
65 11 69
12 79 9
5 97 19
16 7 10
61 49 43
56 39 97
3 0 13
97 21 50
6 40 58
88 89 46
67 96 65
82 74 92
34 52 11
40 45 76
15 92 83
30 65 47
74 15 71
62 23 15
60 2 11
96 60 21
39 77 30
38 45 99
73 87 86
13 36 82
41 38 100
79 85 20
0 37 49
74 51 43
11 5 37
73 70 20
17 39 33
29 75 57
13 35 57
16 82 65
61 52 65
75 29 10
9 96 64
32 68 36
88 99 26
51 2 100
71 49 7
82 53 42
49 43 20
37 85 84
7 94 80
94 92 61
14 15 51
58 26 45
26 24 62
50 39 11
62 55 41
58 1 42
16 98 84
30 56 13
94 80 33
5 39 88
41 95 66
16 36 48
45 61 88
31 24 35
60 96 9
58 54 83
83 99 93
70 60 91
63 68 17
62 59 84
8 18 74
86 68 94
56 24 100
6 30 83
28 17 21
36 84 69
60 25 5
65 85 75
50 39 25
46 59 3
18 63 77
48 98 69
5 82 26
2 49 49
43 31 97
52 79 70
21 80 59
55 16 3
28 47 44
96 35 85
63 4 69
28 49 14
99 41 34
42 55 68
15 62 63
69 89 18
94 25 6
35 56 74
43 67 9
35 84 90
69 19 40
55 30 45
20 88 42
4 8 26
19 97 66
97 0 81
71 84 50
7 6 13
39 9 77
71 81 73
69 55 78
56 37 4
83 58 74
57 67 60
26 5 17
46 23 42
80 20 75
44 54 8
13 32 7
32 12 88
96 5 46
70 23 30
39 89 4
70 40 78
29 1 52
47 10 21
65 57 40
5 65 83
51 93 70
54 65 40
51 7 29
29 86 18
48 8 67
41 95 25
73 80 60
30 82 11
58 74 87
17 88 88
54 38 8
89 8 16
37 24 30
82 13 91
10 53 72
91 77 79
57 48 48
69 34 7
92 36 44
43 35 31
87 50 48
79 19 64
76 55 90
17 18 89
20 83 63
10 56 81
98 13 53
86 88 26
73 94 22
65 13 14
16 84 5
74 89 26
9 67 79
25 61 82
57 91 8
16 70 28
80 5 60
77 97 67
10 67 14
16 45 27
8 19 50
2 24 44
63 57 69
1 70 83
78 72 96
48 65 18
49 48 63
64 62 32
14 28 10
56 93 70
44 35 2
77 77 86
70 2 88
47 37 18
28 21 40
85 12 7
43 58 70
62 34 53
41 23 11
65 75 25
5 9 2
35 19 52
62 72 15
29 15 87
30 43 81
15 88 79
92 35 20
31 16 30
73 33 69
92 93 48
11 82 50
29 70 27
23 25 51
12 5 38
73 27 83
32 41 76
13 74 24
63 0 41
31 16 34
99 89 3
64 99 77
10 2 84
5 34 1
28 78 94
70 3 56
14 57 43
48 22 20
61 96 12
86 41 79
0 49 11
15 74 87
90 83 67
55 61 68
36 98 7
98 10 83
1 90 79
16 55 90
79 13 96
73 55 43
70 69 61
94 58 62
20 15 43
28 79 77
17 51 8
93 52 86
32 55 42
45 75 15
97 72 84
24 96 17
62 23 49
3 57 31
35 80 76
4 89 100
20 78 38
55 73 27
78 1 71
19 30 27
54 99 15
25 74 51
85 26 21
18 73 39
50 52 98
60 64 33
50 31 68
83 8 82
22 28 78
24 40 14
39 71 88
16 29 96
67 6 13
38 15 70
99 44 82
8 33 93
7 75 57
50 72 99
14 34 32
27 23 24
68 90 43
25 33 5
85 83 52
17 26 63
17 22 25
50 59 24
97 6 8
2 61 67
60 32 3
90 68 13
42 82 53
45 74 1
81 31 5
45 21 86
79 4 55
13 30 69
2 96 43
32 64 13
92 44 67
47 26 94
56 34 37
77 32 51
7 80 7
89 61 54
50 57 21
13 15 73
47 29 7
7 57 72
67 29 66
32 96 79
97 23 13
5 31 32
53 25 10
48 9 40
76 67 46
61 95 70
43 93 90
91 2 50
56 27 97
41 8 70
31 42 32
63 7 35
30 25 4
35 12 31
81 96 54
3 95 35
18 28 9
63 51 89
99 89 26
8 18 34
1 45 62
62 72 71
6 52 86
91 77 88
52 48 72
9 12 57
56 23 1
42 31 100
77 81 46
43 79 59
62 44 5
2 46 47
33 32 29
59 31 50
75 2 94
67 51 18
21 51 96
56 52 71
98 76 27
82 26 37
33 88 80
51 25 38
26 6 25
77 18 12
54 71 76
43 0 52
84 56 65
24 16 38
52 42 50
2 8 23
41 71 2
51 10 50
92 66 41
7 54 70
80 29 54
81 58 87
35 99 24
22 42 4
4 51 8
88 80 11
14 23 93
64 30 100
55 70 78
24 8 53
31 39 38
60 12 91
83 87 96
21 47 45
1 31 80
26 61 9
77 26 85
51 24 9
32 56 70
66 5 2
55 25 65
24 74 14
60 31 45
11 9 88
57 41 75
10 1 33
86 44 24
76 7 36
20 73 84
46 32 27
46 71 82
55 91 98
62 91 12
20 49 2
35 10 13
93 42 91
40 23 87
35 16 77
53 51 74
46 59 33
18 25 23
63 89 82
86 67 3
94 94 98
43 13 68
70 61 78
63 76 8
58 69 57
84 73 12
63 14 85
4 47 85
7 3 94
96 55 52
13 81 15
21 18 79
80 95 19
44 0 20
60 84 15
71 24 46
75 49 55
84 61 91
28 53 6
43 29 86
74 92 51
44 40 54
26 81 82
77 8 61
58 68 54
63 41 61
87 4 83
20 98 31
60 93 9
98 50 73
90 89 46
8 97 28
55 64 87
53 72 5
94 61 49
20 21 11
69 72 34
96 27 23
81 73 78
49 2 55
66 12 87
39 52 36
7 25 72
79 14 2
85 27 74
29 57 35
46 62 75
8 17 7
33 41 17
41 53 100
85 43 74
94 11 49
28 72 9
54 93 76
14 42 38
4 73 98
69 14 2
66 74 67
69 17 89
71 99 38
71 77 37
49 20 99
78 96 80
21 60 24
20 7 11
96 16 55
26 28 97
83 74 76
68 47 48
63 41 31
77 2 96
21 44 10
51 88 88
10 28 78
59 64 85
10 10 63
24 61 4
36 47 84
77 52 66
80 52 41
99 13 57
87 2 98
93 19 33
12 93 51
4 72 41
0 74 11
9 76 44
9 42 30
22 97 6
63 18 97
88 65 35
