2352 0 3694 706
8476 1310 9788 2507
4846 9456 5597 10000
1318 1270 2418 2310
3694 546 4262 1081
4158 5108 6297 6408
2949 6606 3643 7454
1318 706 3135 1270
6847 5493 7412 6711
6714 7982 7800 9216
6067 7826 6714 8681
2095 460 2352 706
7674 5329 10000 6172
2659 7726 3156 8246
3115 5748 3801 6414
8067 8866 9039 9439
3367 1329 4263 2266
5248 7826 6067 8359
5990 6891 6714 7826
1832 8581 2570 9896
9039 8916 9762 9751
2083 4490 2646 5064
4644 1817 5716 2916
1686 6737 2500 7772
1127 8538 1832 10000
6897 6943 7331 7289
1050 6604 1443 7039
6490 2398 7903 3215
7336 0 8144 808
0 2923 627 3552
8873 8258 9222 8657
5669 8681 6525 9725
6996 4251 10000 5329
318 8908 1127 10000
5917 1709 6298 2092
4280 3509 6297 5108
6525 9216 8067 10000
5839 386 7304 1445
7412 5329 7674 7289
2570 8246 3101 10000
3478 4270 4280 5005
8997 2935 9632 3629
604 7039 1686 8538
0 1587 434 2923
0 5134 910 6431
8185 473 8635 923
6528 1446 7974 2398
5160 8359 5669 9456
8144 0 10000 414
2418 2209 2983 2790
6538 0 7336 386
6714 7289 7800 7982
3101 9854 4526 10000
5652 7138 5990 7456
5679 6408 6150 6891
7674 6172 7854 7289
1609 6338 1996 6735
9222 7088 10000 8916
3156 7454 4038 8498
0 3552 1247 5134
8635 414 10000 1310
7854 6172 9222 7395
6538 5470 6847 5775
0 918 1318 1587
598 592 897 918
3101 8639 4608 9854
8067 9439 9039 10000
434 1587 1318 2923
7800 7395 8873 8866
4608 8172 5160 8907
6297 4428 6996 5374
6469 3215 8414 4251
3643 6881 3966 7205
1318 2310 2418 3238
1247 3238 2185 3951
2418 2790 4280 4270
