20 20 762 19 737 18 637 6 396 16 141 1 92 3 132 4 134 14 49 17 621 15 66 2 113 7 463 11 820 12 973 13 7 8 747 5 347 9 754 10 809 
7 12 3 14 930 15 946 1 866 9 84 17 245 11 541 
2 1 33 12 788 
2 12 69 15 933 
0 
2 14 220 5 140 
5 16 875 9 89 11 124 4 557 8 44 
5 17 550 4 413 20 593 8 376 2 289 
2 20 222 12 51 
2 6 518 20 68 
2 13 384 3 293 
7 11 16 3 635 18 636 8 908 14 789 19 971 10 326 
3 1 522 7 771 20 462 
1 15 122 
2 13 700 16 884 
1 11 25 
2 4 96 15 19 
3 2 882 8 588 17 272 
4 1 90 11 244 13 722 8 764 
3 5 167 1 300 14 606 
0 
3 12 136 1 619 16 911 
4 20 696 11 45 1 667 8 238 
1 18 265 
0 
3 3 464 17 731 10 5 
2 9 14 5 104 
1 1 314 
4 9 241 17 72 4 918 15 99 
1 6 750 
6 14 2 19 4 7 137 13 904 20 755 8 643 
1 12 233 
2 16 83 12 174 
1 11 192 
4 5 573 12 227 1 8 11 64 
0 
0 
1 8 177 
1 18 927 
2 13 189 15 156 
4 9 645 3 523 20 321 11 276 
2 2 649 1 812 
3 10 39 8 341 5 467 
0 
1 4 429 
1 15 418 
3 15 876 1 327 12 887 
2 19 475 20 52 
0 
0 
2 14 688 15 492 
2 6 458 14 499 
1 1 705 
4 7 118 13 851 11 975 12 968 
4 17 22 8 305 12 497 11 671 
3 16 112 11 730 10 38 
1 20 598 
0 
2 9 127 20 832 
2 2 582 15 748 
1 5 916 
3 1 572 20 714 12 910 
2 20 810 11 339 
0 
1 3 480 
2 14 708 12 102 
1 18 56 
2 10 80 16 76 
1 4 54 
1 15 27 
1 20 860 
3 9 47 20 569 1 906 
1 11 188 
1 13 179 
1 12 360 
1 8 75 
1 16 861 
1 5 679 
0 
1 12 246 
1 19 11 
2 7 521 20 182 
2 6 992 1 275 
1 14 634 
3 17 656 8 152 4 59 
0 
1 9 703 
1 8 61 
1 11 628 
2 16 101 15 417 
2 10 107 12 41 
3 18 633 5 765 4 929 
0 
2 2 655 11 186 
1 5 160 
1 3 519 
0 
2 13 9 20 346 
0 
3 8 388 1 46 15 50 
2 16 172 11 266 
0 
0 
1 19 109 
3 9 352 11 729 14 778 
0 
1 16 874 
3 13 338 20 70 5 734 
3 1 539 15 145 12 34 
3 7 776 15 234 11 213 
2 19 60 10 527 
0 
0 
0 
0 
0 
1 6 206 
2 17 86 3 536 
0 
1 15 151 
2 4 40 20 414 
1 2 131 
2 18 836 12 733 
2 8 381 1 20 
2 16 17 12 941 
1 14 845 
0 
1 10 979 
1 20 290 
2 9 424 15 445 
0 
1 11 223 
1 11 632 
1 5 880 
1 16 115 
0 
1 15 37 
2 15 319 13 469 
2 12 57 20 594 
0 
0 
0 
1 1 32 
1 20 350 
0 
3 13 516 9 554 11 87 
0 
2 4 95 14 798 
1 12 153 
2 10 720 16 785 
0 
1 5 6 
1 19 126 
3 3 537 8 485 15 366 
0 
3 9 966 20 444 11 93 
1 20 923 
0 
3 17 58 12 662 8 735 
1 18 42 
2 7 844 2 374 
0 
0 
0 
0 
1 3 584 
1 14 349 
2 15 183 1 404 
1 3 623 
0 
1 13 196 
1 16 848 
0 
2 10 878 20 758 
1 11 620 
1 5 36 
1 12 504 
1 20 392 
0 
0 
0 
0 
1 16 940 
2 4 159 16 867 
0 
5 3 618 6 711 1 760 19 426 8 503 
0 
1 15 559 
1 16 893 
1 11 934 
1 20 629 
0 
2 9 133 16 899 
2 2 965 16 402 
0 
3 18 73 1 533 12 565 
1 1 602 
1 14 641 
2 17 881 12 130 
2 10 357 13 821 
1 11 795 
0 
2 5 128 16 443 
0 
0 
1 7 901 
0 
1 20 986 
1 8 506 
1 14 524 
0 
2 15 969 12 580 
0 
0 
1 2 624 
1 16 814 
1 11 891 
4 3 169 8 162 9 837 11 592 
0 
2 12 566 8 184 
2 8 928 9 843 
1 9 567 
3 4 603 20 212 11 797 
1 1 622 
1 1 713 
1 10 393 
1 12 262 
0 
1 3 706 
1 7 564 
2 5 63 8 277 
1 20 699 
0 
1 13 256 
2 19 672 14 453 
2 6 799 16 342 
1 1 962 
2 15 304 11 790 
2 17 116 18 103 
0 
1 2 221 
0 
0 
2 10 431 20 288 
0 
2 9 147 12 356 
0 
1 18 144 
2 18 239 11 165 
1 11 547 
0 
2 14 79 8 302 
0 
1 12 407 
1 12 28 
0 
0 
3 13 12 11 354 16 777 
0 
1 20 871 
0 
1 15 380 
2 1 669 20 970 
2 8 397 11 425 
2 4 691 10 657 
0 
0 
1 15 508 
0 
4 18 685 20 154 5 666 11 309 
0 
0 
0 
1 12 74 
4 10 31 3 868 8 802 16 648 
3 14 500 15 585 20 674 
1 15 614 
2 7 644 9 168 
1 11 517 
1 20 683 
2 3 909 15 704 
2 4 23 15 756 
4 3 982 19 759 20 166 11 207 
1 20 248 
0 
0 
1 17 173 
3 9 228 1 190 20 689 
1 13 746 
0 
5 17 693 1 214 6 274 20 687 9 204 
1 5 697 
0 
0 
1 13 1 
1 12 553 
3 2 744 16 267 14 515 
1 8 819 
0 
2 16 88 11 268 
2 15 686 20 428 
0 
1 5 984 
0 
0 
0 
0 
0 
0 
2 19 936 10 53 
2 3 607 12 278 
1 9 919 
0 
0 
2 20 459 11 835 
1 14 295 
1 15 612 
2 10 830 11 236 
0 
1 1 13 
1 8 544 
0 
1 4 117 
1 16 48 
2 18 26 4 110 
0 
0 
0 
0 
0 
1 18 123 
2 7 65 13 171 
1 15 15 
0 
3 16 24 20 260 11 259 
3 4 30 20 77 17 538 
0 
1 14 10 
0 
2 18 94 11 210 
2 9 983 20 120 
5 5 111 20 313 13 21 12 29 15 211 
2 15 114 12 108 
1 2 842 
0 
2 13 773 11 794 
3 6 953 20 97 16 283 
1 20 355 
0 
1 20 121 
1 11 427 
0 
2 3 43 12 155 
2 10 100 16 925 
2 5 35 20 378 
2 14 922 11 18 
2 2 613 8 578 
1 12 125 
0 
3 9 85 11 55 8 650 
4 19 71 15 195 1 146 11 329 
3 7 194 16 138 1 139 
2 1 247 16 325 
1 20 725 
1 8 143 
1 14 225 
1 12 199 
2 13 942 12 176 
0 
0 
1 12 978 
0 
1 2 712 
0 
1 11 661 
1 9 149 
2 6 447 17 359 
0 
0 
1 4 119 
2 4 105 10 81 
1 20 743 
0 
1 15 587 
1 3 62 
0 
0 
1 20 67 
0 
2 5 82 11 98 
0 
0 
1 16 337 
0 
0 
2 9 311 14 235 
0 
2 18 180 10 106 
0 
2 7 200 8 216 
1 20 261 
1 1 158 
1 8 150 
3 12 91 19 491 13 988 
1 2 78 
0 
1 4 198 
2 3 170 5 142 
3 17 157 5 595 15 670 
1 18 201 
0 
1 11 148 
1 11 161 
2 10 129 5 611 
1 5 676 
1 12 175 
0 
0 
1 11 694 
1 16 345 
0 
0 
1 5 681 
1 12 757 
2 20 191 14 281 
1 10 379 
0 
2 9 135 16 361 
1 16 373 
1 8 217 
1 11 163 
1 7 249 
4 1 323 13 181 14 251 10 367 
3 18 387 16 285 14 468 
1 5 219 
1 12 257 
1 16 287 
0 
1 16 330 
0 
0 
0 
0 
0 
3 11 178 16 202 20 197 
1 20 243 
0 
0 
1 20 224 
0 
0 
0 
0 
0 
0 
0 
2 14 563 8 502 
3 20 218 15 308 8 601 
0 
1 16 164 
0 
0 
3 14 422 11 575 9 203 
0 
5 2 258 16 242 3 187 15 208 4 185 
0 
2 5 292 15 318 
0 
1 1 590 
2 11 209 10 193 
7 20 229 8 307 15 230 6 237 4 254 3 232 13 253 
1 8 406 
3 19 324 18 320 7 250 
4 18 390 5 351 12 279 20 252 
3 1 389 15 298 12 328 
0 
2 10 280 4 205 
4 7 263 17 226 9 273 4 286 
3 20 255 9 264 15 215 
0 
1 11 269 
1 3 282 
0 
3 16 296 14 348 20 294 
2 14 369 20 317 
0 
1 5 377 
1 13 270 
0 
2 9 312 11 299 
0 
1 5 240 
2 15 332 20 371 
0 
0 
1 12 454 
0 
0 
0 
0 
0 
1 20 344 
0 
0 
1 15 362 
4 3 297 1 336 11 306 8 331 
3 13 271 11 322 5 231 
1 11 335 
0 
7 17 353 12 534 5 383 16 526 10 494 8 391 4 340 
2 2 465 14 449 
0 
1 11 625 
4 7 421 18 490 11 455 12 284 
0 
0 
2 9 411 1 370 
1 15 368 
1 8 548 
0 
2 20 375 11 398 
0 
0 
0 
0 
0 
0 
0 
0 
1 14 511 
2 11 399 1 440 
0 
3 19 301 9 310 5 303 
0 
0 
2 8 291 10 315 
4 13 495 18 479 16 450 1 483 
0 
2 2 472 6 555 
1 12 343 
1 9 394 
0 
0 
1 3 401 
0 
1 10 420 
0 
2 12 385 15 423 
1 20 405 
2 16 496 20 452 
1 5 333 
0 
1 9 460 
0 
3 14 419 11 432 4 408 
1 8 316 
1 1 542 
1 20 512 
1 11 434 
0 
0 
1 11 530 
0 
0 
0 
1 15 509 
1 12 442 
0 
1 9 560 
1 19 334 
3 17 487 20 551 15 609 
1 20 608 
0 
0 
0 
0 
0 
1 12 473 
1 11 610 
1 20 571 
2 16 457 4 410 
2 9 358 8 400 
1 15 709 
0 
0 
0 
0 
0 
2 12 549 1 583 
0 
1 14 433 
0 
5 19 364 7 372 18 365 10 505 5 363 
0 
1 6 478 
1 13 562 
1 20 665 
0 
0 
3 10 476 8 574 11 446 
0 
1 2 403 
0 
3 3 529 15 481 16 435 
1 11 456 
1 11 507 
0 
0 
0 
3 1 678 20 654 8 640 
2 10 682 5 673 
0 
0 
0 
1 8 531 
1 11 545 
1 15 501 
0 
1 1 436 
0 
1 12 552 
3 4 710 20 430 14 386 
1 20 470 
0 
0 
3 9 486 12 589 20 471 
1 20 642 
0 
2 15 664 20 707 
0 
1 12 577 
0 
1 8 535 
2 20 723 12 719 
2 5 716 15 805 
0 
0 
0 
0 
3 8 616 15 630 20 853 
0 
0 
0 
1 1 412 
0 
0 
1 11 690 
0 
5 14 484 1 415 16 382 15 437 13 416 
3 18 395 16 409 12 439 
4 5 739 13 862 16 498 20 482 
0 
5 4 488 10 520 16 514 12 451 1 461 
0 
0 
0 
0 
3 3 599 16 441 12 556 
0 
1 18 466 
2 12 652 1 638 
0 
2 18 576 20 493 
1 20 448 
0 
2 16 438 15 540 
3 10 581 1 591 8 579 
1 12 658 
0 
0 
0 
0 
0 
0 
0 
0 
0 
0 
1 15 561 
3 15 600 1 639 11 668 
0 
0 
0 
0 
0 
0 
2 14 474 20 717 
0 
0 
0 
0 
2 12 513 5 568 
0 
2 14 489 20 477 
0 
0 
0 
0 
0 
2 9 525 1 510 
0 
0 
1 20 604 
0 
1 5 698 
2 16 532 11 570 
0 
2 14 786 8 736 
0 
0 
0 
2 12 543 13 528 
1 15 626 
0 
0 
0 
0 
3 1 617 14 663 11 660 
2 14 792 20 740 
1 8 784 
2 10 596 20 546 
0 
2 17 651 15 675 
2 14 831 13 801 
3 16 597 4 742 3 627 
3 11 701 18 721 9 647 
0 
0 
1 20 558 
2 5 677 16 653 
0 
1 12 605 
0 
0 
0 
0 
0 
3 13 615 20 646 1 586 
1 15 768 
0 
0 
0 
0 
0 
1 4 659 
6 18 715 8 738 5 745 20 684 1 732 14 774 
2 10 692 20 680 
1 4 695 
3 2 718 4 741 16 751 
0 
0 
0 
0 
0 
0 
0 
0 
2 20 631 11 702 
1 14 823 
0 
0 
0 
0 
1 20 726 
1 16 829 
0 
1 15 775 
3 15 767 16 787 11 780 
3 12 781 9 770 15 822 
2 13 811 20 840 
0 
0 
4 10 828 5 779 15 752 1 824 
2 14 857 16 826 
0 
1 12 873 
0 
0 
1 11 896 
0 
0 
0 
0 
0 
1 20 761 
0 
0 
0 
4 9 727 18 728 20 772 12 800 
2 12 806 15 804 
3 1 724 16 886 15 869 
1 11 926 
0 
3 5 847 20 793 8 782 
3 13 808 20 783 8 807 
0 
0 
0 
1 11 879 
0 
0 
3 16 813 15 815 20 791 
2 3 818 14 839 
0 
0 
0 
3 15 834 5 796 20 863 
0 
1 11 903 
0 
0 
0 
0 
0 
0 
0 
0 
0 
2 5 894 15 854 
0 
0 
2 12 763 1 749 
3 16 803 9 769 1 753 
0 
1 8 905 
1 11 972 
0 
1 10 855 
0 
0 
1 20 912 
3 8 827 13 858 15 816 
0 
2 12 849 14 852 
4 4 895 5 945 7 897 14 841 
2 2 944 18 898 
0 
1 1 766 
0 
0 
0 
0 
0 
0 
1 9 864 
0 
0 
0 
0 
0 
0 
0 
0 
1 5 838 
1 11 931 
0 
0 
0 
0 
0 
1 11 817 
4 16 959 15 980 13 935 8 846 
1 14 996 
0 
0 
0 
2 1 825 11 888 
4 17 859 10 917 9 924 8 920 
4 3 856 13 890 11 932 12 902 
1 11 955 
3 5 951 12 993 20 915 
0 
0 
1 12 964 
0 
0 
1 4 943 
0 
2 20 948 14 967 
0 
1 15 957 
1 14 900 
1 14 914 
0 
0 
5 9 939 8 850 1 938 16 833 20 1000 
2 13 892 16 872 
0 
0 
0 
2 8 889 20 870 
0 
0 
0 
1 11 989 
2 11 949 4 952 
0 
2 14 954 1 987 
2 10 907 20 994 
0 
0 
0 
0 
0 
0 
0 
0 
0 
0 
0 
0 
5 16 877 20 885 12 921 15 991 13 865 
0 
2 15 974 1 947 
0 
0 
1 8 981 
1 11 958 
0 
0 
2 1 950 12 976 
0 
5 9 937 15 913 8 961 20 977 16 883 
0 
0 
0 
0 
1 4 960 
0 
0 
0 
0 
0 
0 
0 
0 
0 
0 
0 
0 
1 16 956 
1 20 963 
3 12 998 5 997 14 999 
0 
0 
1 20 985 
2 20 990 15 995 
0 
0 
0 
0 
0 
0 
0 
0 
0 
0 
0 
0 
0 
0 
0 
0 
