exp 1.0 3.0 10 40
0.805556
0.722222
0.75
0.694444
0.71875
0.734375
0.71875
0.71875
0.76
0.73
0.73
0.71

exp 1.5 4 10 40
0.611111
0.722222
0.777778
0.722222
0.78125
0.703125
0.71875
0.703125
0.71
0.71
0.73
0.6

exp 0.8 2.5 10 40
0.805556
0.583333
0.694444
0.666667
0.671875
0.71875
0.75
0.65625
0.72
0.67
0.72
0.74

exp 1.0 3.0 15 25
0.75
0.583333
0.694444
0.722222
0.734375
0.734375
0.75
0.734375
0.7
0.79
0.74
0.77

exp 1.0 3.0 6 25
0.805556
0.666667
0.611111
0.555556
0.703125
0.71875
0.6875
0.65625
0.6
0.67
0.75
0.75

exp 1.0 3.0 25 16
0.75
0.666667
0.777778
0.638889
0.71875
0.75
0.71875
0.625
0.76
0.7
0.75
0.74

exp 1.0 3.0 25 40
0.75
0.722222
0.638889
0.805556
0.703125
0.78125
0.71875
0.640625
0.7
0.75
0.72
0.69

exp 1.0 3.0 50 20
0.777778
0.666667
0.75
0.694444
0.75
0.703125
0.734375
0.765625
0.73
0.75
0.75
0.71

exp 1.0 3.0 80 14
0.75
0.722222
0.75
0.694444
0.703125
0.703125
0.765625
0.6875
0.76
0.64
0.58
0.74


exp 1.0 3.0 50 50
0.75
0.694444
0.75
0.722222
0.65625
0.71875
0.703125
0.671875
0.73
0.67
0.69
0.69

exp 1.7 3.0 10 40
0.833333
0.638889
0.805556
0.805556
0.640625
0.78125
0.640625
0.71875
0.7
0.77
0.67
0.73

exp 1.0 3.0 10 40 offset 0.0
-> 1820 best

exp 1.0 3.0 10 40 offset A 1.0
0.722222
0.638889
0.75
0.805556
0.765625
0.734375
0.734375
0.71875
0.69
0.75
0.75
0.75

exp 1.0 3.0 10 40 offset B 1.0
0.722222
0.638889
0.666667
0.638889
0.71875
0.703125
0.640625
0.671875
0.65
0.76
0.66
0.72

exp 1.5 3.0 10 40 offset A 1.0
0.722222
0.638889
0.75
0.805556
0.515625
0.75
0.6875
0.6875
0.67


exp 1.05 2.5 10 40 offset A 1.0
0.694444
0.75
0.722222
0.805556
0.75
0.65625
0.734375
0.75
0.7
0.71
0.72
0.73

exp 1.0 2.5 10 40 offset A 0.8
0.777778
0.666667
0.805556
0.722222
0.75
0.734375
0.734375
0.671875
0.71
0.7
0.73
0.72

exp 1.0 3.0 10 40 offset A 0.8

0.722222
0.722222
0.722222
0.75
0.703125
0.734375
0.65625
0.71875
0.71
0.7
0.73
0.72

exp 1.0 3.0 10 40 offset A 1.0 
dur 3

0.722222
0.722222
0.722222
0.75
0.703125
0.734375
0.65625
0.71875
0.7
0.7
0.72
0.72

exp 1.0 3.0 10 40 offset A 0.5 
dur 5
0.833333
0.722222
0.805556
0.75
0.703125
0.75
0.734375
0.75
0.69
0.75
0.75
0.71

exp 1.0 3.0 10 40 offset A 1.0 
dur 5
0.722222
0.638889
0.75
0.805556
0.765625
0.734375
0.734375
0.71875
0.69
0.75
0.75
0.75

dur 2
0.722222
0.638889
0.75
0.805556
0.765625
0.734375
0.734375
0.71875
0.7
0.75
0.75
0.77

exp 1.0 3.0 10 40 offset A 1.2
dur 5

0.694444
0.722222
0.694444
0.722222
0.6875
0.734375
0.640625

exp 1.0 3.0 10 40 offset A 0.5
dur 3

0.833333
0.722222
0.805556
0.75
0.703125
0.75
0.734375
0.75
0.69
0.75
0.75
0.71


exp 1.0 3.0 10 40 offset A 1.0
dur 10.722222
0.638889
