4977 5161 5343 5523 5703 5875 6042 6201 6352 6502 6636 6764 6890 7017 7146 7268 7381 7496 7603 7714 7819 7925 8026 8123 8217 8304 8401 8491 8583 8654 8721 8781 8835 8881 8931 8976 9020 9046 9068 9082 9092 9106 9116 9115 9104 9095 9078 9061 9042 9016 8983 8936 8887 8836 8785 8729 8666 8595 8522 8452 8382 8315 8249 8181 8114 8049 7972 7899 7822 7743 7663 7576 7485 7398 7310 7229 7143 7060 6973 6883 6796 6696 6591 6489 6385 6284 6178 6072 5959 5836 5702 5564 5424 5275 5124 4969 4801 4632 4465 4303 
5153 5342 5527 5711 5891 6071 6238 6400 6558 6714 6851 6983 7115 7250 7380 7505 7624 7738 7852 7966 8073 8185 8287 8388 8486 8584 8682 8775 8871 8944 9013 9070 9123 9173 9224 9272 9314 9342 9368 9383 9397 9416 9427 9427 9419 9410 9391 9372 9352 9319 9286 9238 9186 9134 9083 9024 8960 8885 8808 8736 8669 8602 8533 8460 8392 8325 8247 8169 8088 8005 7925 7835 7746 7655 7564 7475 7388 7303 7213 7123 7032 6928 6824 6718 6611 6503 6396 6285 6170 6038 5899 5758 5612 5459 5305 5145 4974 4803 4629 4461 
5322 5515 5706 5891 6077 6256 6427 6596 6760 6919 7059 7198 7337 7474 7607 7736 7857 7977 8093 8209 8321 8433 8539 8644 8751 8850 8954 9050 9146 9221 9289 9349 9404 9456 9511 9554 9598 9629 9655 9675 9693 9712 9725 9729 9723 9715 9696 9673 9649 9618 9580 9532 9479 9423 9369 9308 9241 9167 9089 9015 8946 8879 8807 8732 8663 8596 8512 8431 8347 8262 8177 8091 8001 7911 7816 7723 7629 7541 7451 7358 7265 7162 7054 6946 6836 6726 6610 6498 6378 6244 6094 5948 5799 5640 5482 5320 5143 4969 4793 4617 
5484 5683 5875 6068 6255 6435 6612 6789 6955 7117 7264 7409 7551 7690 7828 7959 8085 8210 8329 8448 8561 8677 8785 8898 9006 9109 9216 9315 9412 9485 9557 9621 9682 9736 9788 9833 9877 9909 9938 9961 9980 10000 10015 10021 10017 10011 9991 9965 9939 9906 9870 9818 9762 9705 9644 9581 9514 9441 9366 9291 9217 9145 9074 9000 8930 8858 8772 8687 8601 8511 8429 8341 8254 8162 8066 7970 7870 7777 7684 7589 7498 7393 7282 7170 7059 6945 6827 6708 6586 6446 6293 6137 5983 5820 5658 5490 5311 5132 4951 4773 
5644 5844 6043 6238 6427 6613 6795 6973 7144 7312 7465 7613 7757 7901 8040 8177 8307 8433 8558 8677 8791 8909 9026 9139 9250 9356 9463 9562 9660 9736 9811 9882 9947 10002 10054 10101 10146 10178 10212 10233 10251 10273 10290 10297 10295 10289 10269 10243 10216 10181 10143 10090 10028 9967 9905 9838 9772 9701 9628 9554 9476 9400 9327 9254 9182 9106 9017 8930 8837 8750 8666 8580 8490 8399 8302 8203 8102 8003 7903 7810 7717 7610 7499 7385 7269 7154 7033 6911 6780 6637 6479 6321 6158 5991 5824 5651 5467 5285 5098 4915 
5798 6006 6207 6404 6597 6789 6970 7150 7326 7502 7657 7807 7958 8103 8249 8388 8521 8653 8777 8901 9017 9141 9257 9375 9487 9593 9700 9798 9898 9980 10061 10135 10204 10259 10317 10363 10410 10447 10477 10499 10516 10539 10557 10567 10565 10559 10541 10516 10489 10453 10411 10355 10291 10224 10161 10096 10027 9957 9883 9807 9731 9654 9578 9501 9428 9351 9258 9165 9075 8984 8901 8811 8721 8628 8531 8432 8328 8227 8125 8025 7930 7823 7711 7594 7476 7357 7234 7108 6972 6821 6661 6498 6333 6156 5985 5809 5619 5431 5241 5054 
5944 6153 6358 6561 6762 6954 7138 7321 7502 7679 7838 7994 8145 8298 8447 8590 8726 8859 8988 9113 9239 9363 9484 9600 9712 9817 9922 10022 10126 10213 10300 10377 10447 10509 10566 10618 10668 10703 10733 10752 10772 10795 10814 10823 10821 10817 10800 10778 10751 10714 10669 10608 10541 10476 10411 10346 10279 10204 10128 10052 9977 9903 9824 9742 9666 9588 9491 9399 9306 9217 9129 9038 8945 8852 8754 8654 8549 8450 8345 8240 8139 8031 7916 7798 7678 7556 7428 7299 7159 7005 6838 6674 6502 6323 6143 5961 5767 5574 5379 5189 
6091 6302 6512 6722 6924 7121 7309 7497 7676 7854 8018 8176 8334 8489 8643 8790 8926 9061 9193 9328 9453 9587 9708 9823 9932 10035 10142 10244 10354 10444 10533 10614 10692 10752 10815 10869 10921 10954 10985 11005 11023 11048 11063 11070 11069 11066 11051 11029 11003 10965 10917 10854 10784 10721 10660 10594 10525 10448 10367 10292 10218 10143 10065 9981 9900 9817 9724 9630 9537 9443 9355 9259 9165 9070 8969 8867 8766 8665 8560 8453 8347 8230 8114 7994 7872 7747 7616 7483 7343 7186 7016 6844 6670 6485 6302 6111 5912 5717 5518 5319 
6233 6451 6666 6877 7083 7285 7480 7669 7849 8029 8192 8356 8518 8677 8834 8983 9123 9261 9399 9536 9671 9804 9928 10042 10148 10251 10361 10468 10580 10672 10763 10850 10931 10996 11061 11118 11167 11205 11236 11256 11275 11295 11310 11315 11313 11312 11297 11276 11249 11210 11162 11099 11032 10966 10906 10841 10767 10688 10608 10529 10454 10378 10300 10217 10132 10048 9952 9862 9765 9669 9577 9480 9382 9284 9181 9082 8979 8880 8776 8667 8556 8434 8310 8188 8063 7936 7802 7668 7524 7366 7192 7016 6835 6647 6458 6263 6057 5858 5655 5451 
6368 6593 6810 7022 7230 7436 7633 7826 8010 8189 8355 8519 8683 8848 9005 9157 9302 9449 9588 9733 9869 10004 10125 10239 10347 10452 10565 10675 10788 10881 10979 11066 11150 11221 11287 11341 11397 11433 11468 11489 11506 11526 11539 11545 11542 11541 11525 11503 11476 11436 11390 11332 11266 11199 11134 11067 10994 10914 10832 10752 10671 10595 10517 10433 10353 10268 10172 10077 9982 9883 9788 9688 9588 9485 9385 9283 9180 9082 8979 8867 8754 8628 8498 8367 8240 8110 7976 7839 7694 7530 7354 7176 6991 6796 6605 6407 6197 5990 5783 5575 
6512 6739 6959 7175 7387 7594 7792 7989 8174 8358 8524 8688 8855 9019 9181 9336 9489 9639 9790 9934 10068 10202 10323 10437 10548 10657 10772 10881 10996 11095 11192 11283 11371 11441 11509 11568 11624 11664 11699 11720 11736 11756 11769 11774 11772 11767 11750 11725 11698 11660 11618 11563 11499 11432 11363 11289 11217 11139 11054 10968 10887 10806 10726 10645 10567 10487 10387 10290 10191 10094 9998 9894 9791 9691 9585 9483 9382 9284 9179 9068 8953 8824 8690 8552 8416 8286 8149 8012 7864 7698 7518 7337 7150 6951 6755 6555 6340 6128 5913 5699 
6647 6878 7102 7324 7539 7747 7948 8144 8335 8521 8690 8857 9020 9186 9350 9515 9669 9830 9983 10128 10259 10389 10512 10630 10745 10858 10973 11083 11201 11299 11399 11493 11582 11651 11722 11786 11845 11886 11922 11941 11958 11978 11991 11996 11990 11985 11963 11937 11909 11876 11837 11783 11721 11653 11583 11507 11430 11353 11267 11177 11091 11008 10926 10846 10772 10691 10594 10495 10394 10294 10199 10093 9992 9889 9783 9680 9579 9478 9371 9259 9144 9013 8876 8733 8592 8454 8316 8176 8026 7858 7676 7490 7301 7101 6901 6695 6476 6259 6038 5815 
6766 7002 7233 7458 7676 7888 8089 8290 8481 8671 8846 9012 9176 9341 9513 9679 9846 10007 10160 10306 10437 10566 10688 10812 10932 11045 11163 11277 11394 11493 11596 11690 11777 11851 11924 11989 12054 12095 12130 12152 12167 12189 12201 12203 12196 12186 12164 12135 12111 12078 12041 11989 11925 11858 11789 11714 11635 11550 11464 11374 11282 11197 11116 11035 10960 10881 10782 10684 10582 10479 10381 10281 10178 10075 9970 9867 9760 9658 9549 9433 9317 9186 9046 8902 8758 8617 8469 8327 8176 8006 7823 7636 7444 7240 7039 6830 6604 6382 6155 5927 
6875 7115 7350 7579 7801 8014 8222 8425 8618 8812 8987 9157 9323 9494 9664 9840 10007 10170 10322 10467 10601 10734 10860 10985 11108 11225 11346 11462 11581 11683 11785 11878 11971 12045 12120 12188 12251 12296 12333 12354 12373 12393 12403 12403 12393 12383 12358 12334 12308 12276 12238 12185 12122 12055 11989 11915 11834 11747 11655 11563 11474 11386 11304 11222 11143 11061 10964 10865 10763 10659 10563 10460 10359 10257 10151 10044 9937 9831 9720 9601 9481 9348 9210 9065 8922 8775 8622 8471 8317 8147 7962 7775 7581 7375 7171 6958 6729 6500 6270 6039 
6977 7219 7455 7690 7913 8133 8344 8551 8749 8943 9119 9293 9467 9638 9817 9990 10156 10318 10471 10617 10754 10895 11028 11152 11275 11397 11520 11639 11763 11865 11965 12062 12156 12232 12307 12374 12438 12483 12524 12548 12566 12587 12593 12591 12581 12569 12549 12523 12500 12464 12424 12369 12307 12243 12177 12102 12021 11933 11837 11741 11653 11570 11484 11398 11318 11232 11134 11035 10932 10833 10737 10633 10533 10433 10323 10216 10107 9999 9883 9763 9640 9505 9367 9226 9080 8931 8773 8616 8454 8281 8097 7907 7714 7506 7296 7080 6847 6616 6380 6146 
7071 7313 7553 7788 8017 8238 8452 8665 8864 9060 9239 9419 9594 9776 9954 10125 10287 10447 10601 10753 10896 11042 11179 11308 11431 11550 11678 11803 11927 12029 12133 12229 12323 12402 12476 12541 12607 12654 12696 12724 12742 12760 12767 12763 12754 12747 12726 12703 12677 12641 12595 12540 12478 12415 12349 12273 12193 12103 12010 11910 11819 11735 11650 11560 11477 11391 11288 11188 11089 10990 10895 10794 10693 10589 10482 10373 10262 10151 10034 9908 9785 9649 9511 9369 9223 9072 8912 8752 8584 8404 8216 8029 7834 7623 7411 7189 6955 6721 6482 6241 
7168 7413 7653 7893 8121 8346 8565 8779 8982 9182 9368 9548 9732 9914 10092 10261 10420 10578 10735 10892 11043 11193 11333 11468 11594 11712 11841 11968 12093 12199 12305 12402 12497 12573 12648 12715 12779 12827 12869 12894 12914 12932 12939 12938 12931 12926 12907 12882 12856 12817 12772 12712 12650 12584 12519 12444 12361 12276 12182 12086 11991 11901 11815 11727 11641 11551 11449 11349 11250 11152 11059 10959 10856 10753 10645 10536 10421 10309 10188 10062 9935 9801 9661 9516 9369 9218 9057 8894 8724 8537 8344 8153 7956 7743 7528 7306 7067 6831 6589 6344 
7264 7512 7757 7995 8224 8452 8674 8890 9097 9305 9492 9681 9863 10042 10219 10387 10547 10706 10865 11027 11181 11339 11484 11619 11751 11875 12000 12123 12254 12363 12470 12571 12664 12739 12814 12882 12946 12990 13031 13055 13072 13095 13105 13107 13104 13099 13080 13054 13026 12990 12944 12884 12815 12750 12683 12607 12528 12442 12354 12257 12163 12068 11978 11891 11805 11713 11612 11513 11410 11315 11222 11119 11019 10916 10805 10693 10579 10462 10341 10213 10088 9949 9808 9661 9511 9358 9196 9033 8859 8672 8472 8272 8070 7855 7640 7416 7177 6937 6692 6445 
7358 7612 7856 8096 8327 8554 8777 8997 9209 9419 9618 9805 9985 10162 10336 10505 10670 10832 10994 11156 11315 11479 11626 11765 11900 12027 12153 12277 12407 12519 12631 12730 12825 12901 12975 13041 13105 13148 13184 13207 13226 13249 13267 13273 13271 13268 13246 13221 13194 13157 13112 13050 12983 12910 12842 12767 12688 12608 12519 12425 12330 12236 12142 12050 11965 11878 11775 11673 11574 11474 11379 11279 11177 11073 10960 10846 10728 10612 10489 10363 10235 10095 9949 9801 9650 9494 9330 9164 8991 8800 8596 8389 8177 7959 7744 7521 7280 7039 6791 6544 
7449 7704 7953 8196 8428 8656 8879 9104 9319 9538 9737 9923 10100 10275 10450 10619 10788 10956 11119 11283 11444 11608 11760 11905 12041 12166 12300 12426 12555 12666 12777 12879 12975 13054 13128 13192 13253 13295 13330 13351 13372 13399 13419 13431 13431 13426 13407 13382 13356 13319 13273 13213 13144 13068 12996 12921 12845 12765 12679 12584 12492 12398 12304 12208 12123 12037 11935 11835 11733 11631 11533 11433 11329 11221 11108 10991 10871 10753 10634 10505 10376 10233 10086 9934 9782 9626 9456 9291 9118 8923 8715 8503 8286 8060 7842 7618 7377 7134 6887 6635 
7536 7792 8045 8291 8525 8755 8983 9207 9431 9651 9847 10032 10209 10384 10562 10735 10905 11075 11244 11411 11570 11735 11891 12038 12176 12306 12441 12572 12703 12809 12918 13022 13122 13200 13275 13338 13396 13435 13472 13494 13516 13546 13569 13581 13584 13582 13564 13542 13515 13478 13432 13371 13300 13224 13151 13074 12998 12919 12832 12740 12649 12556 12463 12371 12282 12192 12095 11995 11888 11786 11689 11581 11475 11367 11250 11133 11012 10894 10771 10644 10511 10367 10218 10065 9910 9750 9583 9414 9237 9041 8828 8614 8395 8164 7938 7710 7468 7227 6976 6723 
7617 7877 8130 8381 8618 8854 9083 9316 9537 9754 9949 10131 10310 10489 10672 10848 11020 11190 11363 11531 11692 11859 12013 12160 12305 12439 12576 12708 12840 12947 13054 13157 13257 13337 13410 13473 13529 13569 13604 13631 13655 13684 13708 13721 13724 13728 13714 13691 13666 13628 13582 13518 13447 13371 13300 13222 13142 13063 12976 12885 12796 12704 12617 12526 12436 12347 12245 12142 12038 11934 11832 11723 11611 11500 11382 11263 11144 11025 10900 10769 10637 10491 10341 10186 10027 9867 9698 9527 9345 9144 8933 8719 8500 8265 8034 7800 7556 7312 7061 6805 
7693 7953 8212 8463 8708 8945 9183 9415 9633 9845 10038 10223 10403 10588 10777 10955 11129 11304 11472 11642 11808 11975 12126 12276 12422 12559 12700 12830 12962 13073 13182 13281 13378 13458 13533 13593 13652 13692 13730 13758 13785 13815 13836 13851 13857 13862 13853 13832 13808 13772 13722 13660 13587 13513 13442 13364 13283 13199 13114 13022 12934 12849 12763 12674 12589 12497 12388 12284 12180 12075 11968 11856 11742 11624 11505 11387 11266 11149 11023 10889 10755 10611 10460 10302 10145 9983 9809 9635 9450 9248 9035 8825 8603 8366 8131 7892 7640 7392 7139 6884 
7772 8038 8298 8556 8800 9049 9287 9516 9731 9941 10133 10320 10507 10695 10887 11070 11249 11421 11593 11763 11929 12096 12250 12397 12544 12682 12821 12954 13087 13199 13310 13409 13502 13578 13651 13716 13774 13819 13860 13890 13916 13947 13970 13984 13993 14000 13990 13976 13955 13914 13867 13801 13732 13657 13585 13507 13425 13342 13251 13161 13076 12991 12907 12821 12735 12640 12532 12424 12315 12208 12102 11983 11865 11747 11623 11504 11384 11263 11136 11003 10867 10722 10570 10414 10257 10093 9917 9736 9552 9352 9139 8925 8705 8465 8228 7983 7724 7469 7213 6957 
7847 8116 8381 8638 8894 9140 9378 9605 9818 10029 10223 10413 10604 10797 10990 11179 11358 11534 11708 11880 12041 12212 12367 12514 12659 12794 12934 13070 13204 13314 13424 13525 13618 13687 13759 13824 13889 13936 13981 14012 14039 14069 14095 14112 14119 14127 14122 14109 14092 14054 14003 13943 13871 13797 13723 13644 13564 13479 13389 13297 13214 13128 13047 12962 12872 12780 12672 12561 12446 12336 12227 12107 11984 11864 11740 11616 11493 11371 11243 11110 10976 10827 10678 10523 10362 10197 10018 9839 9654 9455 9240 9025 8801 8563 8322 8076 7811 7549 7287 7026 
7916 8188 8454 8723 8975 9219 9452 9680 9895 10108 10307 10501 10693 10889 11088 11272 11456 11637 11813 11982 12149 12317 12473 12622 12764 12897 13039 13176 13309 13419 13527 13627 13720 13791 13858 13924 13992 14045 14090 14124 14153 14185 14211 14230 14238 14247 14244 14232 14216 14181 14135 14071 14002 13925 13852 13772 13691 13609 13520 13430 13341 13262 13178 13090 13005 12912 12803 12690 12574 12457 12343 12222 12099 11973 11847 11721 11591 11469 11341 11208 11072 10928 10776 10618 10457 10287 10111 9934 9750 9547 9333 9116 8891 8648 8410 8160 7893 7625 7354 7089 
7986 8260 8536 8803 9054 9293 9525 9752 9972 10191 10394 10591 10786 10984 11182 11374 11557 11741 11917 12092 12258 12430 12582 12727 12872 13006 13145 13280 13413 13522 13630 13726 13820 13893 13964 14028 14096 14150 14200 14235 14268 14303 14329 14345 14358 14369 14363 14354 14337 14305 14263 14202 14129 14055 13980 13901 13819 13738 13652 13560 13478 13393 13307 13219 13134 13042 12930 12818 12699 12579 12461 12335 12210 12087 11954 11824 11695 11567 11440 11305 11171 11027 10874 10712 10547 10381 10205 10030 9845 9642 9423 9207 8979 8736 8494 8245 7974 7702 7427 7156 
8049 8333 8607 8871 9119 9358 9589 9819 10042 10268 10475 10675 10874 11071 11272 11467 11655 11833 12016 12193 12363 12533 12684 12826 12971 13108 13245 13376 13507 13616 13721 13819 13911 13987 14063 14130 14194 14247 14299 14340 14375 14412 14437 14458 14470 14482 14479 14466 14453 14421 14380 14323 14253 14176 14104 14023 13944 13862 13774 13690 13606 13519 13430 13344 13254 13160 13050 12935 12815 12696 12578 12447 12319 12193 12060 11927 11796 11670 11535 11403 11268 11121 10967 10803 10638 10474 10300 10123 9938 9733 9514 9292 9066 8821 8577 8324 8052 7778 7502 7225 
8113 8395 8666 8927 9173 9413 9647 9879 10107 10334 10547 10752 10950 11152 11356 11550 11737 11924 12102 12283 12454 12623 12773 12918 13061 13196 13335 13465 13593 13699 13805 13902 13997 14075 14152 14221 14287 14337 14389 14432 14470 14507 14539 14560 14572 14584 14581 14571 14556 14526 14486 14429 14364 14291 14217 14141 14060 13978 13894 13808 13723 13637 13551 13460 13370 13272 13159 13046 12928 12810 12691 12560 12426 12294 12162 12030 11896 11766 11636 11498 11361 11212 11054 10893 10732 10567 10392 10216 10027 9823 9602 9381 9151 8907 8660 8405 8133 7861 7580 7301 
8174 8456 8723 8982 9229 9468 9704 9941 10169 10400 10615 10821 11024 11229 11433 11624 11816 12003 12187 12363 12533 12704 12857 13002 13145 13276 13414 13546 13672 13778 13880 13978 14074 14154 14231 14301 14370 14423 14472 14513 14552 14597 14630 14653 14668 14677 14675 14665 14652 14621 14582 14525 14461 14393 14324 14246 14167 14088 14004 13913 13829 13748 13659 13567 13472 13373 13256 13144 13029 12910 12792 12658 12521 12388 12253 12121 11987 11858 11725 11586 11442 11290 11134 10975 10816 10652 10475 10296 10108 9900 9680 9459 9229 8981 8735 8481 8210 7935 7653 7368 
8232 8514 8782 9041 9287 9530 9770 10008 10240 10472 10686 10894 11102 11307 11509 11707 11898 12087 12270 12447 12613 12787 12943 13088 13229 13361 13495 13626 13755 13859 13961 14058 14155 14234 14312 14382 14453 14509 14559 14597 14638 14685 14721 14748 14764 14775 14772 14761 14750 14720 14681 14626 14562 14496 14432 14356 14280 14203 14113 14025 13942 13859 13770 13675 13578 13474 13360 13245 13130 13015 12893 12757 12622 12489 12351 12214 12083 11955 11816 11673 11527 11371 11219 11061 10901 10738 10560 10379 10187 9981 9759 9539 9307 9057 8810 8560 8287 8010 7723 7435 
8286 8566 8838 9099 9349 9594 9836 10077 10310 10540 10755 10967 11173 11378 11586 11785 11980 12167 12347 12524 12694 12863 13020 13166 13308 13438 13573 13702 13829 13936 14039 14135 14230 14309 14389 14464 14535 14591 14644 14688 14726 14770 14810 14837 14857 14871 14866 14853 14841 14813 14777 14721 14660 14596 14532 14466 14391 14307 14222 14134 14052 13966 13875 13779 13679 13578 13459 13346 13229 13111 12990 12855 12721 12589 12448 12311 12176 12045 11905 11755 11608 11456 11300 11143 10983 10817 10640 10458 10263 10056 9836 9613 9379 9130 8884 8630 8358 8077 7786 7494 
8341 8621 8893 9162 9418 9666 9909 10152 10383 10615 10833 11042 11246 11454 11664 11867 12060 12246 12425 12602 12772 12943 13094 13242 13385 13516 13651 13780 13906 14015 14120 14215 14309 14389 14471 14546 14620 14676 14734 14781 14820 14863 14898 14929 14952 14966 14965 14953 14938 14912 14879 14827 14766 14700 14642 14576 14501 14422 14336 14251 14164 14078 13983 13885 13789 13686 13568 13451 13333 13210 13091 12960 12826 12692 12555 12415 12273 12137 11994 11846 11698 11545 11389 11226 11065 10899 10719 10539 10344 10136 9914 9690 9457 9209 8961 8704 8426 8144 7850 7554 
8383 8666 8941 9212 9475 9729 9974 10213 10446 10680 10895 11100 11307 11516 11726 11929 12121 12305 12487 12663 12831 13001 13155 13297 13442 13575 13710 13841 13969 14076 14181 14278 14374 14455 14536 14611 14685 14749 14807 14855 14898 14940 14974 15003 15026 15045 15047 15038 15026 14997 14966 14917 14857 14794 14734 14666 14593 14520 14437 14346 14261 14169 14075 13977 13880 13779 13660 13541 13417 13299 13179 13048 12915 12785 12645 12503 12358 12215 12070 11925 11780 11624 11465 11302 11136 10970 10791 10611 10418 10208 9982 9760 9530 9282 9033 8771 8488 8201 7906 7612 
8422 8705 8989 9261 9526 9787 10031 10271 10504 10736 10947 11155 11360 11570 11779 11979 12170 12356 12537 12714 12880 13049 13203 13347 13487 13623 13761 13893 14021 14127 14231 14331 14430 14511 14591 14665 14743 14808 14870 14920 14961 15007 15043 15067 15090 15111 15116 15112 15103 15078 15045 14994 14941 14879 14814 14746 14677 14604 14522 14433 14341 14253 14159 14062 13964 13862 13742 13620 13500 13380 13264 13129 12999 12870 12727 12582 12435 12291 12144 11998 11853 11698 11535 11369 11203 11034 10856 10676 10481 10270 10046 9825 9594 9346 9094 8829 8542 8250 7955 7665 
8470 8752 9036 9315 9583 9840 10088 10332 10563 10790 11004 11211 11418 11625 11831 12030 12220 12406 12587 12762 12930 13098 13250 13393 13536 13668 13808 13941 14069 14174 14280 14381 14482 14566 14646 14723 14800 14866 14931 14982 15025 15072 15109 15138 15157 15177 15185 15184 15180 15159 15126 15077 15022 14959 14897 14829 14759 14685 14602 14513 14425 14335 14244 14146 14050 13943 13820 13702 13584 13467 13346 13219 13084 12951 12809 12661 12513 12372 12225 12074 11926 11770 11609 11438 11271 11103 10921 10740 10542 10333 10113 9890 9655 9405 9151 8883 8593 8303 8007 7715 
8507 8791 9074 9356 9625 9882 10131 10377 10606 10837 11048 11255 11460 11665 11868 12066 12255 12439 12619 12794 12962 13130 13282 13425 13568 13703 13838 13972 14100 14208 14316 14418 14519 14603 14690 14767 14844 14910 14972 15026 15072 15119 15158 15187 15209 15227 15233 15235 15236 15216 15191 15141 15081 15019 14960 14895 14821 14745 14660 14572 14489 14402 14308 14215 14115 14009 13887 13770 13655 13536 13422 13288 13153 13015 12869 12724 12577 12437 12290 12137 11983 11825 11663 11496 11326 11156 10974 10787 10593 10385 10163 9939 9701 9446 9190 8919 8632 8344 8048 7756 
8537 8827 9115 9389 9659 9923 10171 10414 10649 10880 11092 11295 11498 11701 11902 12097 12283 12466 12644 12819 12986 13154 13309 13453 13596 13730 13866 13993 14126 14235 14343 14444 14546 14635 14720 14801 14879 14942 15004 15056 15102 15154 15193 15223 15247 15267 15271 15273 15275 15264 15241 15191 15132 15070 15011 14944 14872 14792 14707 14622 14539 14456 14367 14267 14169 14066 13949 13832 13714 13602 13484 13350 13209 13071 12922 12777 12634 12493 12346 12193 12038 11874 11712 11545 11378 11205 11019 10834 10640 10431 10205 9978 9737 9478 9216 8949 8665 8379 8085 7788 
8570 8865 9152 9427 9695 9958 10208 10455 10688 10922 11133 11335 11534 11737 11936 12127 12310 12490 12668 12840 13007 13177 13333 13480 13623 13755 13889 14021 14149 14259 14367 14469 14576 14665 14750 14830 14910 14973 15034 15084 15129 15180 15223 15255 15279 15300 15307 15305 15310 15303 15280 15235 15179 15115 15050 14982 14907 14830 14746 14659 14577 14496 14406 14309 14210 14113 13997 13881 13767 13650 13532 13395 13254 13112 12967 12820 12675 12537 12388 12235 12080 11917 11750 11583 11414 11241 11055 10870 10674 10460 10233 10001 9757 9495 9235 8968 8687 8402 8106 7808 
8605 8898 9185 9466 9734 9990 10244 10495 10728 10959 11171 11372 11572 11771 11968 12157 12335 12514 12688 12860 13027 13198 13355 13501 13645 13776 13912 14043 14174 14279 14390 14499 14606 14696 14781 14859 14938 15004 15063 15113 15156 15205 15250 15285 15310 15333 15340 15344 15348 15338 15321 15280 15227 15161 15094 15019 14944 14869 14785 14697 14616 14532 14442 14350 14257 14157 14043 13932 13817 13697 13575 13439 13296 13157 13008 12863 12715 12574 12429 12273 12120 11958 11791 11617 11445 11273 11092 10903 10702 10487 10252 10018 9769 9510 9252 8987 8705 8418 8119 7823 
8636 8929 9219 9500 9769 10030 10279 10530 10764 10992 11202 11406 11605 11803 11996 12182 12359 12533 12706 12878 13047 13218 13374 13520 13662 13798 13933 14064 14195 14305 14417 14527 14637 14728 14811 14889 14968 15030 15093 15141 15183 15232 15275 15311 15341 15364 15375 15381 15385 15374 15358 15321 15268 15204 15135 15058 14981 14903 14820 14736 14651 14564 14476 14388 14299 14201 14088 13977 13860 13740 13616 13478 13338 13198 13051 12901 12754 12611 12463 12312 12157 11996 11829 11653 11478 11306 11123 10934 10730 10508 10271 10028 9783 9524 9268 9005 8720 8428 8131 7834 
8663 8961 9250 9530 9803 10068 10318 10562 10794 11023 11233 11435 11635 11832 12024 12208 12382 12555 12727 12899 13067 13239 13392 13537 13683 13817 13954 14085 14219 14335 14450 14557 14669 14760 14844 14922 14999 15061 15120 15171 15212 15259 15301 15337 15367 15397 15411 15416 15423 15415 15396 15356 15306 15242 15176 15101 15019 14938 14856 14770 14686 14599 14512 14425 14336 14246 14134 14017 13900 13779 13656 13519 13378 13241 13093 12944 12793 12651 12502 12349 12198 12034 11866 11692 11518 11339 11152 10962 10756 10530 10287 10048 9800 9545 9289 9023 8736 8446 8145 7848 
8689 8988 9278 9561 9835 10101 10353 10596 10821 11051 11262 11462 11659 11857 12048 12230 12402 12576 12749 12918 13085 13253 13407 13553 13698 13833 13969 14105 14244 14362 14479 14590 14696 14789 14875 14952 15029 15089 15147 15195 15239 15286 15327 15361 15393 15426 15442 15451 15459 15453 15433 15389 15336 15276 15214 15139 15058 14977 14890 14802 14720 14638 14550 14460 14376 14285 14175 14059 13936 13815 13693 13560 13420 13281 13134 12985 12835 12689 12542 12388 12234 12072 11903 11731 11555 11372 11180 10984 10775 10547 10304 10066 9823 9567 9310 9040 8756 8465 8163 7862 
8715 9014 9309 9595 9869 10133 10383 10628 10855 11078 11288 11488 11684 11882 12071 12252 12426 12601 12772 12941 13102 13269 13424 13570 13713 13848 13987 14128 14271 14390 14510 14620 14730 14819 14905 14984 15060 15119 15176 15223 15264 15316 15354 15389 15421 15450 15471 15483 15493 15485 15466 15421 15364 15305 15243 15171 15094 15010 14919 14830 14750 14669 14582 14495 14407 14315 14204 14090 13968 13844 13725 13592 13456 13317 13170 13023 12873 12728 12578 12426 12270 12107 11943 11766 11587 11404 11206 11003 10789 10563 10324 10089 9845 9586 9324 9059 8773 8481 8178 7877 
8736 9040 9337 9625 9899 10161 10410 10656 10885 11108 11310 11510 11708 11902 12090 12273 12449 12624 12791 12956 13117 13282 13436 13580 13724 13860 14005 14149 14294 14417 14535 14647 14757 14848 14930 15010 15086 15145 15201 15246 15288 15336 15380 15414 15442 15474 15493 15507 15517 15510 15489 15445 15393 15329 15266 15198 15121 15038 14947 14859 14777 14694 14612 14525 14434 14338 14226 14111 13994 13875 13753 13623 13485 13351 13205 13059 12910 12766 12618 12460 12307 12145 11976 11800 11617 11429 11229 11021 10805 10580 10345 10114 9865 9600 9341 9073 8787 8494 8191 7890 
8758 9064 9362 9649 9923 10186 10436 10680 10907 11131 11334 11528 11724 11920 12107 12293 12469 12643 12808 12968 13127 13290 13440 13584 13729 13871 14016 14163 14311 14433 14553 14666 14777 14868 14953 15027 15103 15162 15217 15264 15304 15353 15395 15432 15463 15493 15512 15521 15532 15525 15505 15465 15412 15352 15286 15214 15138 15058 14972 14884 14799 14718 14633 14545 14455 14356 14241 14128 14014 13899 13781 13646 13513 13377 13236 13090 12942 12800 12650 12495 12339 12177 12006 11827 11642 11448 11244 11039 10823 10599 10364 10131 9881 9616 9353 9083 8794 8503 8200 7897 
8780 9086 9382 9667 9940 10206 10456 10699 10924 11147 11353 11546 11736 11932 12125 12309 12485 12657 12820 12981 13135 13295 13444 13587 13736 13879 14027 14174 14322 14445 14566 14681 14793 14885 14968 15046 15117 15175 15232 15279 15321 15369 15409 15448 15482 15511 15525 15534 15541 15535 15521 15480 15430 15373 15306 15228 15151 15076 14993 14906 14825 14739 14651 14561 14471 14371 14256 14144 14031 13918 13802 13673 13536 13404 13260 13120 12972 12828 12682 12529 12373 12205 12035 11852 11662 11467 11262 11058 10847 10623 10383 10146 9899 9634 9366 9092 8803 8510 8207 7905 
8804 9106 9399 9683 9957 10222 10473 10716 10941 11163 11366 11561 11752 11944 12136 12323 12495 12666 12831 12989 13143 13299 13448 13595 13743 13888 14037 14183 14328 14453 14575 14691 14805 14897 14982 15058 15133 15189 15245 15295 15338 15384 15426 15463 15496 15527 15541 15545 15551 15547 15532 15496 15449 15390 15323 15247 15168 15092 15010 14930 14848 14760 14671 14577 14483 14385 14274 14161 14048 13935 13824 13698 13564 13425 13286 13144 12998 12856 12711 12558 12401 12235 12056 11870 11677 11482 11281 11078 10868 10643 10399 10163 9913 9645 9376 9100 8808 8514 8211 7913 
8823 9123 9413 9697 9969 10234 10484 10729 10955 11176 11379 11572 11767 11959 12144 12328 12500 12669 12833 12991 13142 13300 13451 13598 13747 13891 14038 14183 14331 14454 14578 14695 14809 14904 14989 15067 15142 15201 15256 15306 15348 15398 15440 15476 15506 15536 15552 15556 15563 15556 15542 15509 15462 15403 15337 15265 15188 15105 15025 14944 14863 14778 14687 14587 14491 14394 14284 14174 14059 13948 13837 13713 13581 13448 13303 13163 13014 12877 12729 12573 12419 12252 12071 11875 11684 11492 11294 11095 10880 10652 10413 10174 9920 9648 9379 9104 8809 8514 8214 7916 
8843 9138 9429 9709 9980 10243 10494 10739 10966 11189 11392 11587 11779 11973 12156 12332 12503 12673 12834 12990 13144 13304 13456 13601 13750 13891 14035 14182 14329 14453 14576 14694 14810 14905 14993 15073 15149 15209 15267 15311 15356 15406 15450 15485 15514 15541 15555 15567 15573 15566 15553 15516 15469 15413 15352 15281 15202 15125 15036 14950 14872 14789 14696 14597 14500 14400 14290 14180 14070 13957 13845 13720 13593 13463 13322 13179 13034 12889 12743 12588 12430 12263 12079 11885 11691 11504 11308 11107 10891 10663 10421 10182 9923 9649 9380 9104 8812 8517 8215 7918 
8859 9155 9440 9720 9987 10249 10498 10743 10971 11196 11403 11597 11788 11977 12159 12336 12499 12668 12830 12985 13142 13304 13453 13598 13743 13882 14027 14171 14318 14441 14565 14683 14800 14897 14987 15069 15147 15207 15262 15313 15353 15404 15447 15484 15513 15539 15556 15564 15576 15571 15554 15515 15466 15416 15357 15285 15213 15134 15044 14954 14872 14788 14699 14603 14506 14404 14291 14184 14074 13963 13848 13725 13598 13471 13335 13197 13044 12899 12750 12596 12436 12263 12083 11893 11703 11513 11316 11114 10900 10672 10426 10182 9926 9651 9378 9105 8816 8524 8221 7922 
8874 9171 9456 9730 9997 10256 10504 10747 10975 11203 11411 11606 11795 11982 12162 12338 12503 12664 12827 12985 13141 13301 13452 13593 13736 13874 14016 14159 14303 14426 14550 14669 14786 14886 14977 15061 15141 15200 15260 15308 15353 15398 15442 15479 15509 15540 15554 15563 15575 15570 15553 15512 15466 15414 15355 15291 15217 15138 15050 14960 14870 14784 14699 14606 14511 14409 14296 14185 14076 13963 13853 13728 13602 13476 13344 13206 13054 12905 12756 12597 12437 12268 12090 11905 11717 11528 11325 11125 10911 10681 10433 10188 9930 9655 9384 9110 8823 8532 8231 7931 
8885 9179 9465 9739 10002 10260 10504 10745 10973 11200 11408 11603 11792 11980 12159 12333 12497 12661 12818 12977 13134 13293 13441 13582 13724 13860 14000 14139 14280 14400 14524 14643 14762 14860 14954 15039 15118 15184 15244 15294 15335 15385 15424 15461 15495 15524 15541 15551 15559 15551 15537 15501 15453 15399 15343 15279 15206 15129 15042 14950 14864 14775 14687 14597 14505 14407 14293 14180 14065 13954 13844 13724 13597 13471 13335 13197 13049 12901 12746 12585 12425 12262 12088 11904 11719 11529 11329 11124 10908 10676 10429 10184 9923 9649 9381 9108 8818 8529 8231 7934 
8888 9183 9466 9743 10006 10258 10501 10742 10968 11192 11398 11592 11783 11971 12151 12324 12488 12654 12812 12962 13120 13277 13421 13562 13704 13838 13975 14111 14250 14368 14489 14609 14727 14829 14922 15007 15092 15158 15222 15270 15311 15357 15400 15436 15468 15500 15519 15528 15533 15523 15511 15478 15430 15378 15320 15254 15185 15110 15021 14934 14851 14763 14670 14578 14491 14395 14283 14167 14052 13938 13829 13709 13587 13456 13316 13177 13028 12882 12726 12564 12407 12245 12076 11895 11708 11522 11322 11116 10893 10662 10415 10168 9911 9637 9370 9097 8808 8517 8220 7928 
8890 9186 9473 9747 10011 10263 10504 10743 10965 11186 11388 11582 11773 11965 12144 12320 12485 12649 12806 12959 13107 13262 13407 13545 13686 13819 13953 14088 14225 14342 14460 14577 14698 14799 14892 14981 15067 15136 15198 15249 15290 15336 15379 15417 15447 15481 15499 15507 15512 15503 15490 15454 15413 15361 15300 15236 15166 15091 15008 14924 14843 14756 14664 14570 14480 14387 14275 14163 14048 13933 13821 13703 13578 13448 13306 13163 13012 12863 12714 12556 12398 12239 12070 11890 11706 11519 11319 11111 10890 10654 10405 10162 9906 9636 9367 9093 8806 8515 8218 7927 
8887 9182 9471 9747 10008 10265 10505 10739 10959 11175 11376 11567 11760 11952 12135 12313 12479 12641 12797 12947 13094 13241 13385 13523 13660 13791 13926 14059 14196 14311 14426 14542 14659 14759 14856 14946 15033 15101 15166 15218 15262 15312 15353 15390 15427 15456 15473 15481 15489 15481 15464 15431 15387 15337 15279 15211 15140 15068 14990 14909 14829 14744 14655 14560 14466 14368 14261 14152 14040 13925 13813 13688 13560 13430 13289 13143 12986 12840 12692 12542 12388 12227 12057 11877 11695 11507 11304 11099 10878 10641 10391 10149 9897 9626 9360 9086 8798 8511 8214 7923 
8881 9170 9456 9734 10001 10254 10496 10729 10943 11159 11356 11548 11738 11932 12117 12297 12461 12625 12778 12924 13069 13217 13355 13490 13626 13755 13889 14024 14159 14272 14387 14500 14613 14713 14809 14900 14985 15055 15121 15175 15224 15276 15321 15360 15391 15422 15436 15448 15456 15446 15434 15397 15351 15302 15246 15177 15107 15039 14961 14884 14808 14726 14638 14545 14448 14348 14239 14135 14025 13914 13799 13668 13536 13403 13261 13114 12959 12811 12666 12518 12371 12211 12038 11858 11672 11484 11283 11077 10856 10623 10377 10135 9884 9617 9351 9079 8793 8505 8212 7918 
8875 9163 9443 9722 9990 10246 10484 10718 10933 11144 11343 11531 11721 11915 12100 12279 12447 12608 12760 12904 13047 13194 13332 13460 13595 13724 13857 13991 14126 14239 14352 14462 14576 14672 14767 14854 14940 15011 15078 15137 15186 15241 15290 15330 15359 15385 15406 15415 15422 15417 15403 15366 15320 15268 15208 15146 15080 15010 14935 14858 14787 14708 14621 14526 14433 14334 14221 14117 14012 13899 13784 13650 13513 13375 13228 13085 12933 12787 12641 12495 12347 12194 12022 11835 11648 11458 11259 11052 10835 10608 10365 10123 9873 9607 9344 9074 8791 8505 8209 7918 
8866 9154 9435 9709 9975 10232 10473 10704 10920 11132 11327 11516 11704 11897 12079 12260 12426 12587 12736 12881 13023 13166 13303 13433 13562 13691 13824 13955 14091 14204 14314 14425 14535 14629 14719 14805 14890 14961 15033 15091 15144 15202 15249 15289 15320 15349 15366 15377 15386 15379 15365 15330 15284 15228 15170 15109 15047 14980 14903 14829 14757 14679 14592 14501 14409 14314 14202 14094 13985 13875 13758 13623 13483 13338 13191 13047 12899 12757 12612 12462 12316 12162 11994 11806 11615 11425 11221 11021 10808 10583 10342 10103 9854 9588 9328 9062 8780 8493 8199 7907 
8844 9136 9416 9690 9951 10206 10451 10683 10896 11109 11304 11492 11680 11868 12051 12228 12392 12551 12702 12846 12986 13128 13263 13393 13525 13648 13779 13912 14045 14156 14270 14379 14488 14576 14664 14749 14832 14906 14976 15038 15093 15151 15199 15239 15275 15307 15322 15334 15344 15334 15322 15286 15238 15185 15129 15068 15007 14944 14869 14792 14721 14639 14557 14469 14380 14287 14179 14067 13950 13836 13720 13583 13440 13298 13149 13005 12857 12718 12574 12425 12274 12120 11949 11766 11575 11378 11180 10983 10775 10551 10313 10077 9830 9568 9308 9044 8762 8476 8184 7896 
8811 9104 9387 9660 9921 10175 10416 10651 10866 11076 11274 11462 11646 11836 12012 12187 12347 12507 12660 12803 12941 13081 13214 13343 13475 13600 13726 13857 13989 14101 14213 14322 14426 14514 14599 14683 14769 14839 14911 14974 15029 15085 15135 15181 15217 15248 15271 15281 15286 15281 15264 15226 15181 15131 15077 15017 14955 14893 14821 14745 14668 14591 14508 14424 14339 14248 14139 14029 13910 13787 13667 13529 13390 13249 13104 12959 12810 12669 12529 12382 12229 12069 11900 11716 11527 11335 11136 10942 10734 10515 10278 10044 9803 9544 9286 9018 8738 8454 8165 7879 
8767 9059 9342 9618 9883 10135 10373 10604 10821 11036 11230 11418 11603 11787 11962 12131 12292 12452 12604 12747 12884 13023 13157 13283 13412 13539 13666 13789 13923 14034 14143 14248 14354 14439 14523 14609 14692 14764 14835 14895 14947 15005 15059 15107 15144 15181 15203 15215 15221 15210 15193 15155 15113 15065 15013 14953 14893 14831 14757 14681 14610 14529 14450 14366 14284 14193 14084 13974 13856 13733 13605 13470 13334 13196 13053 12911 12758 12614 12473 12327 12173 12014 11842 11657 11471 11287 11092 10893 10688 10469 10236 10006 9768 9513 9254 8988 8706 8425 8139 7852 
8716 9003 9285 9565 9832 10085 10321 10549 10766 10982 11176 11361 11545 11727 11896 12067 12226 12385 12535 12677 12815 12954 13086 13211 13339 13462 13588 13716 13842 13951 14057 14161 14265 14351 14437 14520 14604 14675 14744 14800 14851 14911 14967 15014 15058 15095 15117 15130 15135 15122 15103 15071 15027 14981 14929 14871 14812 14749 14671 14598 14530 14452 14369 14288 14203 14114 14007 13897 13781 13658 13533 13393 13260 13126 12986 12842 12691 12544 12398 12248 12098 11941 11768 11584 11404 11224 11034 10838 10630 10412 10183 9958 9722 9466 9211 8946 8667 8385 8098 7815 
8650 8936 9218 9497 9765 10019 10255 10485 10698 10910 11107 11291 11469 11650 11820 11989 12149 12302 12452 12593 12733 12873 13002 13128 13255 13374 13501 13629 13756 13855 13961 14064 14164 14253 14340 14426 14509 14577 14642 14697 14750 14809 14862 14916 14959 14998 15021 15032 15037 15027 15009 14975 14934 14885 14835 14778 14719 14655 14580 14506 14438 14364 14284 14196 14112 14021 13915 13808 13691 13573 13450 13313 13177 13046 12907 12764 12612 12467 12315 12163 12012 11856 11689 11509 11329 11151 10964 10773 10566 10348 10122 9899 9664 9410 9156 8895 8619 8337 8051 7764 
8577 8869 9150 9426 9693 9947 10189 10418 10629 10839 11030 11214 11390 11568 11741 11910 12065 12218 12364 12508 12647 12787 12919 13042 13167 13290 13413 13537 13662 13763 13862 13962 14064 14153 14242 14329 14414 14478 14539 14594 14646 14703 14760 14811 14857 14895 14917 14928 14936 14930 14915 14880 14835 14790 14738 14681 14621 14561 14488 14414 14346 14272 14193 14106 14016 13925 13818 13711 13600 13483 13365 13232 13099 12962 12824 12683 12532 12383 12234 12079 11923 11770 11608 11434 11254 11075 10890 10700 10502 10287 10060 9836 9604 9354 9101 8843 8569 8291 8001 7716 
8507 8797 9081 9356 9620 9877 10118 10349 10561 10767 10952 11131 11311 11491 11660 11829 11983 12133 12282 12422 12561 12701 12833 12956 13083 13204 13326 13444 13566 13667 13766 13862 13963 14055 14143 14230 14314 14378 14440 14493 14539 14601 14656 14707 14751 14789 14808 14823 14835 14832 14819 14785 14740 14692 14642 14581 14525 14466 14395 14324 14256 14179 14098 14012 13923 13827 13719 13614 13505 13394 13279 13152 13019 12883 12740 12600 12448 12301 12151 11996 11841 11687 11526 11353 11177 10999 10811 10627 10433 10224 9996 9773 9542 9293 9045 8787 8517 8237 7952 7671 
8432 8723 9005 9283 9550 9803 10043 10275 10487 10691 10874 11051 11230 11414 11581 11745 11901 12053 12199 12339 12476 12617 12745 12872 12999 13117 13235 13353 13470 13567 13669 13767 13865 13955 14043 14128 14209 14276 14340 14389 14438 14494 14550 14600 14641 14676 14699 14714 14729 14728 14716 14685 14642 14592 14537 14481 14424 14367 14298 14229 14160 14082 13998 13909 13823 13727 13617 13513 13406 13299 13191 13064 12934 12799 12658 12511 12361 12216 12065 11912 11762 11607 11442 11269 11094 10919 10735 10552 10361 10152 9931 9708 9476 9229 8981 8729 8455 8179 7901 7624 
8363 8648 8931 9210 9477 9729 9966 10195 10405 10610 10794 10972 11150 11330 11499 11663 11817 11971 12116 12255 12393 12528 12662 12786 12912 13028 13144 13259 13373 13470 13570 13672 13771 13854 13938 14020 14104 14171 14233 14288 14336 14391 14442 14490 14529 14565 14588 14607 14621 14622 14612 14583 14540 14489 14435 14376 14323 14266 14199 14128 14058 13979 13893 13803 13713 13623 13515 13411 13307 13203 13096 12973 12844 12713 12570 12425 12271 12125 11980 11831 11682 11529 11363 11185 11009 10838 10659 10480 10287 10081 9862 9645 9415 9166 8921 8665 8398 8127 7854 7580 
8291 8578 8859 9137 9401 9655 9889 10112 10320 10526 10714 10893 11070 11247 11414 11583 11737 11886 12035 12174 12307 12447 12577 12702 12823 12939 13054 13164 13279 13376 13477 13576 13675 13758 13833 13917 14002 14067 14133 14186 14238 14292 14339 14381 14422 14459 14483 14501 14518 14519 14511 14481 14438 14391 14338 14279 14224 14172 14100 14028 13957 13877 13793 13701 13613 13521 13419 13319 13216 13112 13005 12884 12760 12627 12488 12344 12189 12043 11901 11756 11608 11456 11291 11111 10933 10763 10587 10410 10219 10013 9797 9583 9356 9111 8860 8607 8345 8081 7810 7539 
8211 8498 8780 9052 9317 9567 9801 10022 10227 10435 10625 10806 10981 11157 11323 11490 11646 11798 11943 12081 12218 12354 12485 12604 12727 12839 12951 13064 13176 13276 13376 13473 13570 13652 13732 13811 13892 13962 14026 14081 14132 14186 14231 14272 14310 14349 14370 14390 14407 14411 14399 14368 14328 14282 14231 14174 14121 14064 13992 13915 13843 13765 13679 13591 13503 13413 13311 13219 13119 13012 12906 12786 12661 12533 12395 12252 12102 11960 11816 11672 11528 11376 11211 11037 10859 10686 10508 10334 10146 9943 9728 9514 9291 9046 8799 8549 8290 8028 7762 7490 
8124 8403 8681 8956 9214 9463 9694 9917 10123 10328 10517 10697 10875 11053 11219 11382 11538 11693 11835 11973 12110 12246 12371 12492 12610 12721 12833 12946 13061 13158 13257 13354 13446 13530 13612 13691 13769 13836 13902 13956 14005 14057 14105 14146 14183 14217 14240 14260 14278 14279 14267 14239 14200 14155 14106 14053 13998 13937 13861 13786 13711 13631 13549 13461 13377 13289 13192 13099 13003 12899 12791 12669 12545 12419 12283 12144 12001 11860 11717 11572 11428 11280 11121 10949 10776 10600 10417 10242 10058 9859 9644 9432 9206 8965 8728 8481 8222 7961 7694 7424 
8039 8314 8584 8853 9111 9355 9587 9811 10020 10223 10406 10586 10767 10949 11114 11279 11433 11583 11731 11868 12001 12135 12261 12377 12494 12604 12718 12832 12946 13042 13138 13232 13329 13410 13489 13572 13649 13713 13778 13831 13879 13930 13980 14024 14059 14092 14113 14134 14148 14148 14139 14113 14073 14030 13985 13930 13873 13812 13735 13660 13584 13503 13421 13337 13255 13175 13079 12986 12889 12790 12682 12558 12435 12307 12176 12044 11902 11764 11623 11479 11334 11191 11036 10868 10694 10521 10337 10158 9975 9777 9567 9352 9128 8894 8661 8419 8161 7898 7630 7361 
7955 8228 8494 8754 9006 9253 9484 9710 9917 10120 10302 10480 10662 10844 11015 11180 11332 11484 11628 11767 11897 12028 12153 12267 12382 12493 12607 12722 12833 12928 13021 13117 13214 13293 13372 13451 13531 13595 13654 13705 13753 13806 13857 13901 13939 13972 13992 14007 14020 14022 14014 13986 13951 13911 13864 13807 13749 13687 13613 13535 13461 13380 13297 13215 13141 13061 12967 12875 12778 12674 12571 12450 12322 12197 12070 11940 11801 11665 11526 11386 11245 11102 10950 10784 10611 10440 10259 10080 9891 9695 9483 9273 9056 8824 8593 8353 8097 7834 7565 7296 
7866 8133 8396 8653 8898 9143 9377 9598 9804 10005 10192 10370 10547 10732 10904 11070 11227 11378 11518 11651 11785 11916 12036 12152 12268 12378 12491 12602 12714 12805 12901 12997 13089 13170 13247 13325 13403 13468 13526 13572 13620 13674 13725 13770 13810 13845 13862 13874 13887 13889 13879 13853 13822 13783 13733 13675 13617 13558 13479 13406 13331 13252 13172 13093 13019 12940 12845 12755 12656 12553 12448 12329 12204 12081 11956 11827 11692 11559 11424 11290 11152 11012 10858 10693 10524 10355 10175 9995 9808 9603 9393 9191 8978 8749 8518 8278 8024 7764 7497 7230 
7764 8032 8289 8543 8789 9028 9257 9478 9680 9884 10071 10251 10429 10609 10779 10951 11110 11261 11399 11530 11659 11789 11910 12024 12142 12252 12361 12471 12577 12673 12767 12859 12953 13029 13107 13185 13260 13322 13382 13429 13473 13525 13577 13623 13664 13698 13715 13730 13742 13740 13732 13709 13677 13636 13588 13529 13474 13413 13339 13263 13193 13115 13041 12962 12884 12805 12712 12618 12522 12421 12316 12196 12078 11959 11832 11706 11571 11443 11314 11184 11051 10912 10759 10592 10425 10259 10077 9900 9713 9508 9300 9100 8890 8664 8434 8193 7939 7683 7421 7156 
7657 7920 8179 8431 8675 8913 9133 9349 9556 9757 9945 10126 10307 10484 10653 10825 10985 11137 11277 11407 11530 11657 11779 11896 12012 12121 12230 12334 12443 12536 12629 12721 12811 12888 12963 13040 13114 13174 13233 13283 13326 13374 13425 13471 13512 13546 13568 13585 13595 13593 13586 13562 13527 13486 13438 13385 13327 13270 13195 13122 13053 12983 12908 12827 12750 12668 12572 12481 12385 12285 12182 12065 11947 11831 11709 11582 11451 11326 11201 11077 10946 10810 10658 10493 10325 10157 9980 9801 9614 9416 9209 9008 8800 8575 8347 8107 7855 7602 7344 7080 
7539 7804 8061 8315 8555 8788 9007 9219 9422 9625 9811 9993 10171 10355 10522 10689 10849 11003 11145 11274 11397 11519 11639 11757 11873 11979 12084 12192 12296 12385 12478 12569 12658 12733 12807 12880 12954 13015 13073 13120 13166 13214 13260 13304 13343 13381 13404 13421 13433 13435 13426 13398 13363 13321 13276 13222 13171 13111 13038 12968 12905 12832 12759 12678 12599 12516 12419 12329 12234 12134 12038 11923 11804 11689 11569 11449 11321 11199 11077 10955 10829 10696 10549 10386 10217 10049 9871 9694 9513 9317 9115 8915 8705 8481 8254 8019 7770 7518 7259 6999 
7418 7678 7938 8189 8428 8657 8875 9087 9282 9482 9671 9848 10031 10213 10383 10549 10705 10859 11000 11133 11255 11379 11495 11608 11724 11828 11934 12038 12139 12228 12317 12407 12497 12569 12641 12713 12785 12847 12904 12950 12994 13044 13088 13126 13168 13205 13228 13246 13263 13266 13255 13226 13188 13148 13099 13050 12998 12943 12872 12809 12745 12674 12600 12521 12440 12356 12261 12167 12072 11977 11881 11769 11654 11536 11419 11304 11181 11062 10941 10821 10697 10570 10426 10263 10098 9929 9750 9581 9402 9210 9009 8810 8600 8374 8151 7919 7674 7422 7165 6906 
7296 7556 7810 8061 8297 8529 8743 8952 9149 9341 9525 9709 9887 10069 10238 10407 10560 10707 10849 10981 11109 11233 11348 11456 11565 11673 11778 11877 11977 12065 12153 12241 12328 12401 12469 12541 12614 12672 12731 12778 12820 12866 12910 12952 12991 13027 13049 13072 13089 13091 13082 13053 13015 12970 12926 12873 12824 12773 12712 12647 12586 12515 12442 12360 12282 12198 12100 12008 11914 11820 11726 11616 11503 11390 11273 11159 11041 10925 10806 10687 10566 10441 10298 10140 9975 9810 9638 9466 9292 9102 8901 8702 8492 8270 8047 7818 7573 7325 7069 6810 
7174 7434 7685 7930 8169 8399 8614 8821 9015 9206 9387 9565 9745 9924 10093 10259 10413 10560 10695 10830 10957 11084 11198 11303 11410 11511 11614 11714 11809 11896 11985 12070 12155 12226 12296 12366 12436 12496 12552 12599 12641 12684 12731 12777 12815 12847 12873 12894 12910 12913 12905 12879 12839 12797 12748 12698 12649 12605 12544 12485 12423 12354 12280 12201 12121 12038 11941 11851 11759 11663 11571 11462 11352 11244 11130 11016 10897 10785 10670 10555 10434 10308 10169 10012 9852 9694 9524 9357 9180 8991 8791 8591 8384 8165 7945 7713 7471 7225 6972 6718 
7042 7297 7548 7792 8026 8258 8472 8681 8870 9061 9238 9409 9586 9766 9931 10095 10249 10397 10533 10663 10791 10916 11031 11138 11242 11337 11435 11534 11631 11715 11801 11887 11971 12040 12109 12181 12248 12306 12362 12405 12445 12494 12541 12584 12625 12661 12682 12701 12716 12720 12714 12687 12652 12608 12561 12510 12469 12422 12364 12306 12249 12178 12107 12027 11947 11864 11773 11685 11592 11500 11404 11299 11193 11086 10977 10864 10745 10634 10524 10412 10291 10168 10028 9875 9723 9568 9403 9238 9062 8869 8669 8473 8268 8052 7833 7605 7362 7118 6870 6624 
6912 7162 7410 7654 7886 8113 8329 8535 8728 8915 9089 9259 9428 9603 9768 9931 10083 10232 10371 10500 10622 10746 10862 10970 11071 11166 11259 11354 11452 11536 11619 11703 11790 11858 11924 11997 12065 12118 12171 12212 12253 12302 12349 12391 12434 12472 12491 12506 12522 12527 12520 12497 12462 12422 12376 12332 12287 12243 12183 12128 12071 12006 11933 11853 11774 11695 11606 11520 11429 11335 11243 11139 11035 10932 10822 10714 10597 10485 10376 10264 10148 10025 9888 9741 9591 9442 9280 9116 8941 8748 8548 8356 8155 7938 7722 7496 7255 7015 6774 6536 
6777 7027 7270 7510 7742 7970 8178 8387 8578 8768 8939 9104 9270 9436 9599 9762 9911 10057 10195 10326 10446 10568 10683 10787 10892 10985 11079 11169 11261 11346 11430 11512 11598 11667 11732 11802 11869 11923 11970 12013 12055 12100 12145 12191 12232 12266 12288 12304 12317 12320 12316 12292 12259 12223 12187 12141 12098 12050 11993 11935 11882 11818 11748 11668 11593 11516 11428 11345 11253 11162 11072 10971 10868 10765 10659 10551 10438 10326 10213 10104 9987 9868 9738 9592 9446 9299 9139 8977 8802 8614 8418 8226 8026 7813 7597 7373 7140 6907 6673 6439 
6642 6889 7129 7362 7592 7819 8028 8229 8423 8612 8785 8946 9106 9272 9427 9587 9737 9882 10016 10145 10268 10387 10495 10601 10702 10799 10890 10978 11064 11143 11229 11313 11395 11464 11531 11597 11660 11711 11764 11805 11844 11888 11934 11978 12017 12050 12071 12091 12103 12106 12100 12078 12047 12017 11980 11939 11894 11848 11786 11731 11677 11614 11547 11474 11400 11323 11239 11155 11066 10978 10889 10791 10689 10587 10482 10377 10262 10150 10040 9926 9812 9700 9572 9431 9286 9139 8980 8819 8650 8466 8275 8084 7884 7673 7460 7240 7013 6790 6561 6330 
6491 6736 6972 7204 7427 7652 7860 8061 8248 8437 8609 8771 8930 9090 9244 9396 9544 9690 9822 9948 10068 10187 10295 10394 10498 10591 10684 10769 10854 10931 11012 11096 11181 11247 11311 11378 11437 11488 11542 11583 11618 11663 11710 11750 11788 11821 11841 11858 11876 11877 11870 11849 11822 11792 11757 11715 11674 11626 11565 11508 11455 11392 11330 11261 11190 11115 11030 10949 10864 10777 10691 10593 10494 10395 10291 10185 10069 9958 9847 9736 9624 9514 9391 9253 9110 8963 8803 8647 8483 8306 8116 7929 7730 7519 7312 7098 6878 6659 6436 6209 
6338 6578 6815 7043 7266 7485 7689 7889 8075 8257 8428 8593 8753 8910 9059 9211 9351 9494 9628 9751 9865 9984 10092 10192 10289 10383 10472 10560 10646 10723 10801 10880 10966 11032 11092 11155 11219 11270 11319 11359 11397 11440 11483 11524 11559 11593 11612 11630 11644 11650 11643 11623 11596 11568 11533 11493 11451 11407 11346 11289 11236 11179 11118 11050 10984 10911 10827 10749 10665 10583 10497 10401 10305 10208 10104 9995 9881 9768 9658 9552 9442 9333 9213 9076 8934 8788 8632 8479 8321 8145 7960 7774 7578 7373 7169 6964 6748 6532 6311 6091 
6190 6425 6657 6887 7107 7324 7522 7717 7902 8082 8249 8414 8575 8733 8881 9028 9167 9303 9433 9555 9669 9782 9890 9989 10085 10172 10262 10349 10438 10516 10595 10671 10749 10815 10875 10937 10999 11051 11097 11134 11173 11215 11256 11294 11330 11361 11384 11400 11414 11418 11417 11396 11369 11340 11305 11265 11224 11181 11123 11068 11019 10962 10903 10837 10771 10701 10621 10541 10460 10379 10297 10203 10109 10012 9906 9799 9682 9571 9465 9358 9253 9147 9024 8888 8746 8605 8454 8306 8147 7975 7791 7609 7418 7221 7026 6823 6612 6398 6181 5964 
6038 6269 6497 6723 6942 7154 7350 7539 7718 7901 8066 8225 8386 8546 8696 8840 8976 9110 9230 9350 9462 9575 9677 9775 9870 9955 10041 10130 10217 10300 10380 10453 10525 10584 10648 10711 10767 10816 10866 10900 10934 10977 11018 11054 11088 11123 11141 11160 11174 11179 11175 11159 11130 11100 11064 11024 10984 10940 10884 10835 10787 10729 10671 10605 10541 10475 10397 10321 10238 10160 10081 9990 9896 9798 9692 9584 9471 9362 9256 9154 9049 8945 8825 8687 8550 8414 8269 8122 7967 7795 7614 7437 7254 7065 6875 6678 6469 6262 6049 5832 
5884 6114 6339 6558 6772 6983 7174 7360 7536 7714 7878 8034 8190 8352 8501 8648 8780 8909 9029 9139 9250 9361 9462 9554 9647 9735 9820 9905 9996 10076 10156 10229 10300 10357 10416 10478 10534 10581 10629 10664 10696 10733 10773 10810 10844 10876 10897 10913 10931 10935 10930 10911 10886 10854 10817 10777 10736 10695 10642 10595 10549 10494 10434 10369 10309 10243 10168 10094 10015 9938 9861 9770 9677 9579 9472 9366 9256 9150 9047 8945 8842 8737 8618 8485 8349 8221 8078 7936 7782 7612 7435 7265 7090 6906 6721 6527 6328 6124 5913 5700 
5726 5950 6171 6386 6593 6798 6987 7173 7348 7519 7678 7835 7989 8145 8296 8441 8573 8701 8816 8926 9026 9135 9234 9324 9415 9501 9587 9674 9760 9840 9917 9991 10065 10122 10175 10231 10290 10337 10379 10412 10443 10478 10516 10554 10588 10620 10640 10659 10674 10680 10672 10653 10625 10597 10559 10517 10478 10440 10390 10343 10302 10249 10191 10129 10069 10007 9932 9862 9788 9714 9636 9544 9450 9353 9249 9146 9038 8937 8837 8735 8631 8527 8409 8280 8153 8023 7886 7746 7595 7430 7259 7096 6925 6746 6564 6378 6184 5983 5775 5568 
5570 5789 6003 6214 6416 6613 6801 6987 7158 7328 7482 7635 7788 7943 8087 8231 8364 8492 8606 8711 8811 8909 9005 9097 9186 9269 9357 9444 9527 9603 9681 9755 9831 9887 9938 9991 10044 10090 10132 10158 10188 10226 10263 10296 10332 10366 10386 10403 10420 10420 10415 10394 10366 10336 10301 10260 10222 10187 10137 10095 10053 10003 9950 9889 9831 9768 9697 9630 9559 9488 9411 9316 9220 9126 9027 8927 8823 8723 8625 8525 8419 8317 8202 8079 7952 7828 7689 7553 7407 7250 7086 6927 6761 6585 6410 6229 6037 5841 5640 5435 
5411 5627 5836 6039 6236 6431 6611 6792 6963 7131 7284 7431 7581 7735 7876 8016 8148 8276 8389 8493 8588 8685 8774 8863 8952 9036 9120 9203 9285 9360 9437 9513 9585 9641 9695 9747 9794 9835 9875 9902 9929 9967 10004 10037 10070 10106 10128 10145 10157 10159 10150 10131 10103 10071 10037 10002 9965 9929 9884 9842 9800 9754 9703 9646 9588 9526 9457 9393 9324 9254 9178 9085 8992 8899 8804 8710 8608 8509 8411 8311 8209 8108 7999 7876 7752 7628 7493 7358 7220 7070 6912 6759 6595 6425 6254 6075 5888 5698 5501 5300 
5247 5458 5663 5860 6052 6243 6420 6593 6761 6929 7077 7224 7368 7516 7658 7795 7922 8049 8163 8266 8358 8453 8541 8620 8709 8793 8872 8951 9032 9108 9184 9255 9327 9383 9438 9490 9536 9570 9607 9637 9667 9699 9737 9772 9807 9841 9865 9881 9893 9895 9887 9865 9838 9808 9776 9742 9709 9675 9628 9587 9547 9501 9454 9398 9342 9283 9214 9150 9082 9013 8940 8852 8762 8672 8580 8489 8390 8293 8195 8097 7998 7905 7793 7674 7550 7428 7297 7168 7035 6890 6739 6590 6433 6266 6096 5920 5740 5554 5360 5162 
5083 5287 5486 5682 5869 6053 6226 6399 6559 6721 6870 7012 7153 7297 7433 7570 7694 7817 7930 8032 8127 8220 8303 8385 8465 8543 8622 8699 8778 8854 8928 8996 9066 9123 9176 9229 9274 9308 9342 9370 9399 9435 9468 9507 9543 9576 9596 9615 9627 9627 9620 9598 9570 9545 9515 9481 9450 9420 9372 9331 9293 9249 9202 9149 9097 9039 8972 8907 8839 8772 8703 8619 8534 8449 8359 8268 8172 8076 7981 7886 7793 7699 7593 7473 7352 7233 7105 6982 6854 6714 6566 6425 6272 6108 5938 5769 5592 5411 5219 5026 
4924 5117 5311 5500 5685 5863 6032 6202 6359 6514 6658 6799 6937 7078 7209 7340 7464 7583 7690 7794 7888 7981 8064 8144 8221 8290 8366 8444 8521 8592 8664 8733 8802 8855 8908 8958 9005 9042 9076 9098 9126 9162 9202 9237 9274 9306 9326 9342 9355 9356 9346 9327 9303 9277 9250 9218 9188 9157 9115 9074 9035 8992 8946 8895 8844 8788 8722 8659 8591 8527 8461 8381 8302 8221 8133 8043 7946 7854 7763 7675 7581 7490 7385 7270 7152 7037 6914 6793 6671 6533 6392 6254 6104 5942 5779 5612 5440 5261 5075 4886 
4763 4948 5131 5314 5492 5670 5834 5996 6151 6303 6439 6577 6714 6851 6979 7105 7223 7341 7448 7548 7643 7738 7821 7896 7971 8039 8105 8182 8258 8325 8394 8464 8530 8581 8629 8680 8728 8767 8800 8823 8847 8885 8925 8964 8996 9030 9050 9064 9075 9076 9069 9051 9030 9005 8977 8947 8917 8888 8847 8811 8770 8726 8683 8631 8580 8525 8461 8400 8337 8274 8210 8136 8060 7982 7897 7807 7713 7623 7540 7452 7362 7271 7169 7058 6946 6837 6717 6601 6478 6347 6210 6075 5926 5771 5612 5450 5279 5106 4924 4737 
4601 4783 4959 5131 5305 5477 5638 5796 5944 6091 6228 6358 6491 6627 6751 6874 6986 7102 7209 7307 7400 7495 7576 7652 7723 7788 7855 7921 7994 8062 8129 8193 8259 8308 8355 8405 8454 8490 8526 8549 8578 8612 8651 8687 8722 8752 8772 8787 8795 8796 8793 8779 8757 8734 8708 8676 8649 8621 8582 8545 8508 8465 8419 8368 8316 8261 8199 8143 8083 8023 7963 7891 7818 7742 7658 7573 7482 7399 7314 7231 7141 7055 6956 6849 6743 6637 6524 6408 6290 6160 6027 5894 5752 5600 5446 5287 5123 4954 4774 4591 
4435 4616 4789 4955 5120 5285 5441 5596 5738 5881 6014 6144 6269 6401 6523 6640 6753 6865 6969 7067 7157 7246 7328 7403 7475 7539 7602 7667 7730 7798 7863 7924 7985 8035 8084 8133 8177 8215 8249 8279 8308 8344 8376 8411 8445 8476 8493 8507 8517 8520 8518 8505 8485 8462 8437 8408 8380 8355 8315 8279 8244 8203 8156 8102 8051 7996 7937 7884 7827 7772 7716 7645 7573 7498 7418 7337 7255 7171 7090 7006 6922 6840 6747 6645 6541 6442 6330 6221 6105 5978 5844 5718 5580 5432 5281 5129 4970 4802 4627 4451 
4263 4439 4612 4775 4933 5090 5239 5387 5529 5667 5794 5919 6044 6167 6284 6404 6513 6624 6723 6817 6905 6992 7069 7144 7217 7281 7342 7405 7469 7525 7589 7649 7708 7757 7806 7852 7895 7930 7970 7998 8031 8064 8097 8126 8159 8190 8207 8219 8232 8239 8236 8221 8201 8178 8154 8127 8103 8075 8036 8000 7966 7925 7879 7825 7772 7721 7664 7613 7561 7510 7456 7388 7315 7243 7167 7094 7012 6934 6853 6773 6691 6616 6529 6431 6333 6234 6129 6023 5911 5784 5657 5532 5398 5253 5109 4962 4804 4641 4473 4299 
4092 4260 4429 4590 4745 4893 5032 5176 5312 5448 5570 5689 5807 5929 6041 6157 6267 6372 6470 6557 6642 6728 6802 6875 6948 7012 7074 7136 7196 7252 7303 7363 7425 7471 7515 7562 7603 7641 7677 7708 7736 7771 7804 7833 7861 7890 7908 7924 7937 7944 7942 7926 7904 7882 7858 7832 7808 7783 7745 7709 7675 7634 7588 7537 7487 7436 7381 7333 7284 7235 7184 7118 7050 6980 6910 6838 6761 6684 6609 6533 6457 6386 6304 6213 6116 6022 5919 5818 5708 5588 5462 5341 5207 5069 4930 4784 4631 4475 4309 4141 
