4124 4261 4396 4529 4649 4756 4866 4974 5076 5169 5265 5358 5445 5527 5603 5680 5756 5833 5900 5967 6034 6096 6156 6209 6258 6308 6355 6414 6474 6533 6590 6653 6721 6786 6848 6912 6973 7034 7100 7153 7204 7258 7307 7353 7390 7424 7454 7480 7507 7526 7541 7549 7555 7561 7566 7573 7577 7589 7604 7614 7626 7631 7618 7610 7605 7598 7583 7566 7540 7520 7501 7487 7466 7440 7411 7380 7342 7300 7261 7219 7176 7120 7058 6991 6926 6858 6785 6706 6626 6539 6445 6346 6241 6128 5997 5857 5712 5551 5380 5197 
4272 4410 4554 4690 4815 4927 5040 5156 5264 5358 5459 5555 5649 5734 5812 5890 5971 6053 6124 6194 6263 6326 6388 6445 6502 6557 6615 6677 6743 6803 6865 6934 7003 7065 7127 7190 7254 7322 7390 7444 7493 7547 7598 7645 7683 7719 7748 7772 7800 7821 7839 7850 7854 7862 7865 7874 7878 7889 7902 7912 7920 7924 7910 7901 7893 7884 7869 7846 7820 7798 7776 7757 7734 7708 7676 7638 7600 7557 7515 7465 7419 7363 7300 7229 7160 7088 7009 6929 6846 6754 6657 6556 6445 6329 6196 6049 5899 5736 5567 5376 
4408 4555 4702 4844 4974 5091 5211 5330 5442 5542 5646 5748 5842 5932 6012 6093 6175 6262 6340 6412 6480 6544 6609 6673 6736 6804 6865 6932 7002 7065 7133 7205 7271 7330 7391 7459 7527 7596 7664 7722 7773 7825 7873 7920 7962 7997 8028 8052 8077 8097 8120 8134 8142 8151 8154 8162 8169 8181 8191 8198 8206 8205 8191 8181 8174 8165 8147 8121 8091 8070 8044 8019 7990 7962 7930 7888 7845 7803 7759 7704 7651 7595 7532 7460 7385 7308 7226 7141 7055 6960 6861 6756 6640 6517 6381 6232 6075 5910 5738 5548 
4544 4694 4847 4994 5131 5255 5379 5501 5616 5722 5833 5936 6033 6124 6209 6293 6378 6468 6550 6624 6692 6757 6830 6898 6973 7046 7113 7184 7258 7328 7397 7466 7532 7592 7654 7726 7798 7863 7934 7995 8050 8101 8145 8192 8232 8271 8303 8327 8352 8372 8394 8414 8427 8438 8442 8450 8455 8467 8477 8481 8484 8483 8464 8456 8451 8441 8419 8392 8361 8333 8306 8275 8241 8208 8175 8133 8087 8039 7994 7938 7882 7819 7755 7683 7604 7523 7438 7348 7257 7162 7059 6949 6828 6701 6560 6409 6253 6081 5905 5712 
4676 4832 4991 5145 5288 5416 5541 5667 5787 5897 6012 6120 6218 6311 6397 6486 6576 6668 6748 6824 6897 6971 7048 7128 7206 7284 7357 7433 7514 7586 7655 7722 7789 7854 7921 7993 8062 8133 8204 8267 8321 8374 8420 8461 8501 8540 8574 8599 8626 8645 8668 8689 8706 8722 8728 8737 8740 8749 8759 8761 8762 8755 8738 8729 8725 8713 8693 8663 8628 8597 8562 8531 8491 8454 8417 8374 8328 8276 8227 8170 8112 8047 7974 7899 7821 7739 7647 7554 7462 7362 7256 7142 7016 6885 6739 6585 6427 6254 6071 5873 
4805 4967 5135 5295 5442 5572 5702 5831 5956 6069 6186 6298 6400 6495 6584 6676 6770 6862 6942 7019 7103 7184 7273 7356 7439 7521 7598 7683 7768 7839 7907 7977 8046 8116 8187 8257 8327 8398 8472 8532 8587 8642 8689 8733 8769 8805 8838 8867 8894 8916 8940 8960 8978 8998 9009 9018 9021 9028 9033 9037 9036 9029 9009 9000 8991 8983 8964 8931 8892 8854 8816 8778 8738 8696 8655 8608 8559 8508 8456 8394 8337 8269 8191 8108 8030 7947 7853 7757 7661 7556 7445 7329 7199 7062 6914 6755 6592 6417 6232 6027 
4935 5104 5279 5444 5593 5728 5862 5997 6123 6238 6357 6470 6577 6677 6770 6864 6956 7050 7133 7219 7306 7402 7496 7584 7672 7758 7841 7929 8017 8087 8157 8231 8306 8377 8446 8521 8593 8664 8734 8795 8849 8904 8953 8999 9036 9067 9100 9127 9159 9184 9210 9232 9248 9269 9282 9295 9298 9303 9308 9308 9310 9305 9284 9268 9260 9250 9231 9197 9153 9111 9068 9027 8981 8939 8894 8840 8787 8736 8683 8621 8557 8487 8407 8322 8234 8150 8059 7960 7857 7748 7633 7512 7379 7240 7086 6923 6755 6574 6387 6182 
5064 5239 5417 5585 5740 5880 6021 6158 6287 6404 6524 6640 6749 6856 6953 7046 7139 7234 7326 7416 7516 7614 7715 7810 7903 7996 8081 8169 8256 8330 8403 8482 8560 8630 8702 8778 8854 8923 8991 9051 9106 9160 9210 9256 9295 9329 9356 9384 9417 9445 9474 9499 9517 9534 9547 9562 9567 9574 9578 9579 9581 9579 9556 9540 9527 9514 9491 9455 9410 9365 9319 9276 9226 9179 9133 9076 9019 8964 8913 8848 8779 8703 8624 8535 8444 8354 8261 8161 8055 7940 7821 7695 7559 7417 7259 7090 6917 6731 6540 6333 
5190 5368 5547 5719 5880 6027 6171 6311 6443 6563 6685 6803 6917 7025 7124 7220 7316 7419 7513 7616 7717 7819 7924 8026 8128 8225 8311 8396 8484 8562 8643 8724 8799 8873 8948 9025 9098 9168 9235 9291 9346 9402 9449 9496 9537 9572 9602 9626 9658 9688 9720 9747 9765 9784 9792 9805 9814 9824 9831 9835 9838 9832 9816 9800 9782 9763 9734 9694 9649 9606 9562 9517 9464 9412 9362 9304 9243 9187 9129 9061 8990 8913 8825 8736 8646 8553 8451 8347 8240 8123 7998 7870 7729 7582 7421 7249 7070 6882 6687 6475 
5313 5494 5678 5854 6020 6171 6319 6462 6597 6720 6846 6968 7083 7191 7290 7392 7498 7605 7712 7814 7921 8028 8136 8244 8352 8453 8538 8625 8714 8796 8879 8960 9039 9115 9192 9269 9339 9408 9476 9532 9585 9639 9688 9734 9775 9812 9846 9872 9901 9931 9964 9991 10010 10030 10038 10049 10056 10071 10085 10092 10094 10093 10075 10058 10041 10015 9980 9936 9890 9850 9806 9762 9705 9652 9597 9533 9474 9412 9347 9273 9203 9122 9031 8938 8847 8752 8645 8532 8423 8304 8178 8044 7899 7747 7582 7407 7226 7032 6833 6618 
5439 5623 5813 5996 6163 6316 6468 6614 6753 6880 7011 7136 7250 7357 7459 7568 7681 7803 7913 8019 8130 8242 8356 8466 8575 8677 8767 8858 8951 9033 9113 9197 9280 9359 9436 9512 9583 9650 9717 9776 9827 9878 9926 9973 10013 10053 10088 10119 10151 10177 10208 10235 10254 10273 10283 10295 10299 10315 10334 10344 10353 10353 10334 10314 10295 10268 10227 10180 10134 10090 10048 10002 9948 9892 9832 9767 9700 9635 9564 9487 9409 9326 9235 9138 9040 8943 8833 8717 8598 8478 8350 8213 8062 7907 7737 7559 7375 7177 6973 6753 
5557 5748 5943 6130 6300 6454 6606 6755 6900 7033 7167 7292 7406 7516 7625 7737 7860 7987 8104 8216 8330 8446 8565 8675 8781 8885 8981 9079 9175 9254 9336 9420 9505 9585 9661 9738 9809 9878 9944 10000 10053 10104 10149 10195 10239 10277 10316 10349 10385 10412 10438 10463 10480 10502 10510 10524 10532 10546 10562 10582 10595 10596 10578 10555 10532 10503 10463 10415 10365 10318 10270 10227 10171 10114 10054 9983 9910 9839 9769 9684 9600 9516 9423 9324 9222 9117 9007 8887 8766 8637 8507 8368 8216 8056 7884 7701 7512 7313 7105 6880 
5679 5877 6077 6266 6439 6594 6747 6900 7050 7187 7323 7447 7562 7678 7790 7913 8039 8169 8297 8412 8532 8651 8770 8880 8987 9093 9192 9294 9390 9474 9557 9642 9725 9803 9880 9955 10027 10097 10163 10217 10269 10322 10367 10413 10456 10499 10538 10574 10610 10640 10667 10685 10703 10723 10732 10747 10758 10773 10793 10813 10829 10834 10815 10792 10767 10736 10697 10650 10597 10543 10493 10445 10389 10333 10271 10196 10118 10045 9967 9880 9795 9705 9608 9505 9399 9292 9173 9054 8930 8797 8657 8517 8364 8203 8026 7839 7647 7443 7234 7006 
5805 6006 6210 6404 6577 6734 6892 7048 7200 7338 7475 7602 7722 7840 7962 8088 8218 8357 8487 8611 8736 8856 8972 9082 9194 9303 9402 9501 9603 9691 9778 9861 9940 10016 10091 10169 10241 10310 10376 10432 10482 10534 10584 10631 10675 10717 10759 10793 10831 10861 10889 10911 10922 10941 10953 10969 10978 11001 11026 11040 11056 11062 11046 11023 11001 10973 10931 10883 10828 10772 10716 10663 10605 10548 10483 10408 10329 10248 10164 10076 9989 9895 9791 9681 9573 9461 9341 9214 9089 8952 8809 8659 8506 8344 8164 7974 7779 7572 7358 7128 
5925 6130 6337 6533 6711 6871 7033 7192 7344 7482 7622 7756 7880 8008 8132 8261 8401 8542 8679 8806 8935 9055 9170 9282 9396 9509 9604 9705 9808 9901 9989 10072 10150 10222 10297 10376 10449 10516 10583 10639 10691 10744 10794 10848 10892 10933 10972 11008 11044 11074 11105 11128 11140 11156 11168 11182 11198 11224 11248 11265 11273 11279 11264 11247 11230 11204 11163 11109 11053 10995 10934 10878 10814 10752 10689 10616 10534 10448 10363 10269 10178 10081 9970 9855 9739 9626 9502 9372 9238 9101 8954 8802 8639 8475 8296 8104 7905 7694 7476 7243 
6039 6245 6453 6652 6835 7002 7165 7325 7478 7617 7763 7901 8036 8168 8295 8433 8576 8723 8863 8993 9121 9245 9363 9476 9591 9699 9800 9901 10005 10096 10185 10270 10348 10421 10495 10573 10645 10713 10777 10834 10889 10945 10998 11051 11100 11139 11176 11210 11247 11278 11309 11332 11350 11369 11374 11393 11411 11435 11459 11473 11484 11483 11470 11459 11447 11422 11380 11328 11268 11207 11146 11083 11013 10948 10881 10807 10723 10642 10551 10453 10355 10253 10141 10018 9898 9778 9651 9516 9381 9236 9090 8935 8767 8595 8415 8223 8021 7805 7584 7349 
6157 6362 6571 6773 6961 7131 7298 7457 7612 7758 7907 8055 8193 8329 8467 8608 8757 8907 9050 9178 9309 9435 9559 9674 9783 9895 9994 10100 10201 10289 10377 10463 10545 10620 10693 10768 10839 10907 10973 11029 11086 11147 11202 11256 11302 11345 11382 11411 11448 11480 11509 11537 11557 11578 11594 11609 11624 11648 11668 11682 11691 11695 11680 11670 11661 11637 11597 11545 11484 11420 11354 11289 11215 11146 11072 10990 10913 10830 10740 10635 10533 10427 10307 10184 10057 9932 9798 9662 9522 9377 9225 9069 8898 8723 8534 8340 8137 7919 7694 7456 
6270 6479 6690 6896 7085 7257 7425 7589 7749 7900 8061 8212 8353 8498 8639 8787 8939 9091 9234 9364 9496 9627 9752 9867 9980 10090 10191 10292 10394 10480 10565 10652 10737 10815 10889 10963 11030 11100 11167 11225 11283 11345 11402 11455 11501 11543 11582 11612 11644 11673 11708 11736 11757 11788 11809 11825 11834 11854 11873 11884 11895 11902 11891 11876 11864 11844 11806 11755 11695 11629 11559 11492 11418 11341 11259 11178 11093 11013 10920 10816 10709 10596 10474 10342 10214 10081 9943 9800 9660 9511 9356 9194 9023 8845 8652 8448 8245 8026 7799 7557 
6381 6595 6812 7017 7208 7379 7550 7720 7887 8049 8213 8371 8521 8667 8814 8966 9121 9272 9417 9550 9686 9817 9941 10060 10176 10288 10384 10483 10581 10668 10753 10839 10924 11004 11081 11157 11226 11294 11362 11423 11481 11542 11598 11653 11700 11740 11781 11811 11841 11870 11904 11934 11963 11999 12017 12036 12045 12059 12074 12087 12099 12107 12096 12082 12067 12043 12008 11960 11898 11832 11764 11694 11614 11534 11450 11361 11272 11183 11093 10988 10879 10762 10633 10499 10362 10229 10083 9938 9793 9641 9482 9318 9142 8964 8767 8561 8349 8129 7901 7658 
6490 6710 6930 7138 7327 7501 7676 7852 8032 8200 8366 8529 8683 8835 8984 9138 9293 9447 9594 9732 9869 9998 10125 10246 10365 10476 10570 10665 10761 10846 10934 11019 11102 11182 11262 11344 11417 11486 11553 11611 11668 11728 11783 11839 11886 11930 11969 11996 12031 12061 12093 12130 12165 12198 12218 12233 12245 12259 12271 12285 12297 12303 12290 12277 12263 12235 12197 12149 12089 12025 11959 11886 11800 11721 11634 11540 11441 11348 11251 11146 11037 10918 10785 10643 10504 10362 10218 10066 9915 9759 9597 9431 9253 9068 8873 8664 8449 8220 7992 7748 
6602 6825 7049 7258 7451 7628 7809 7996 8180 8350 8525 8691 8847 9005 9157 9309 9466 9623 9776 9916 10050 10182 10311 10434 10552 10661 10755 10848 10943 11026 11110 11197 11279 11358 11441 11527 11604 11678 11744 11800 11854 11913 11970 12022 12073 12118 12155 12186 12220 12252 12291 12329 12361 12396 12412 12429 12437 12457 12474 12483 12493 12496 12482 12467 12454 12430 12384 12332 12276 12217 12147 12073 11991 11906 11817 11718 11614 11512 11409 11298 11189 11070 10934 10788 10641 10499 10348 10193 10036 9875 9710 9540 9357 9172 8971 8764 8546 8314 8077 7833 
6703 6929 7155 7368 7567 7751 7942 8133 8317 8494 8674 8847 9007 9163 9316 9471 9627 9789 9945 10084 10221 10353 10485 10605 10720 10829 10921 11018 11112 11191 11273 11356 11441 11521 11605 11693 11776 11852 11921 11975 12026 12084 12138 12194 12242 12287 12331 12363 12397 12434 12479 12516 12546 12577 12595 12608 12620 12641 12661 12672 12674 12676 12660 12643 12630 12603 12560 12505 12448 12388 12319 12248 12164 12079 11982 11881 11773 11663 11554 11438 11323 11203 11067 10918 10769 10621 10466 10304 10145 9980 9808 9633 9448 9260 9060 8849 8633 8397 8157 7903 
6807 7029 7258 7478 7684 7881 8077 8267 8459 8641 8828 9006 9169 9324 9475 9635 9796 9957 10111 10254 10393 10528 10658 10777 10891 10996 11092 11187 11282 11362 11438 11519 11602 11686 11771 11862 11945 12025 12095 12151 12203 12257 12312 12366 12414 12461 12507 12542 12583 12624 12665 12704 12732 12762 12774 12792 12806 12830 12847 12858 12863 12858 12842 12823 12804 12776 12734 12684 12619 12554 12491 12420 12336 12248 12151 12043 11930 11819 11702 11579 11458 11332 11195 11048 10897 10742 10582 10418 10255 10089 9911 9732 9542 9352 9150 8939 8718 8484 8239 7979 
6904 7126 7355 7582 7802 8004 8202 8401 8597 8788 8979 9160 9323 9481 9634 9793 9957 10116 10270 10414 10557 10692 10820 10938 11051 11158 11250 11346 11441 11521 11598 11676 11758 11839 11928 12017 12101 12180 12253 12313 12366 12423 12475 12526 12577 12626 12670 12713 12761 12800 12841 12875 12906 12933 12945 12964 12982 13004 13020 13030 13035 13033 13011 12987 12965 12935 12894 12840 12776 12710 12641 12573 12489 12400 12301 12191 12073 11957 11838 11706 11579 11446 11305 11158 11005 10850 10684 10518 10354 10180 10003 9818 9624 9430 9226 9013 8792 8552 8306 8044 
6999 7227 7459 7693 7918 8123 8330 8536 8742 8935 9130 9310 9476 9637 9795 9956 10113 10276 10430 10573 10715 10849 10978 11095 11209 11315 11406 11500 11595 11675 11755 11835 11913 11995 12081 12173 12255 12333 12408 12470 12529 12589 12638 12690 12740 12788 12840 12885 12932 12974 13013 13047 13072 13103 13119 13136 13150 13172 13187 13197 13202 13202 13178 13147 13124 13093 13045 12988 12927 12861 12788 12714 12633 12544 12442 12333 12212 12089 11965 11832 11699 11560 11413 11258 11107 10951 10787 10616 10445 10272 10087 9903 9705 9508 9299 9083 8859 8616 8367 8106 
7093 7328 7573 7807 8028 8242 8457 8673 8886 9084 9276 9460 9628 9794 9955 10115 10274 10431 10589 10731 10867 11000 11128 11249 11361 11465 11557 11648 11740 11823 11904 11986 12068 12145 12230 12319 12403 12481 12554 12620 12683 12744 12800 12852 12899 12951 13006 13049 13094 13135 13179 13208 13234 13267 13284 13301 13310 13329 13344 13353 13360 13355 13332 13303 13275 13238 13186 13130 13065 12999 12927 12848 12761 12673 12574 12461 12339 12213 12083 11946 11813 11668 11511 11352 11194 11042 10877 10704 10530 10350 10166 9976 9778 9576 9363 9141 8911 8669 8419 8155 
7192 7439 7688 7924 8149 8364 8589 8813 9031 9231 9428 9611 9784 9952 10112 10275 10436 10595 10746 10887 11022 11150 11281 11400 11513 11617 11704 11794 11886 11966 12050 12135 12218 12297 12377 12464 12547 12626 12701 12767 12829 12897 12956 13011 13065 13119 13170 13210 13252 13293 13334 13368 13397 13430 13445 13460 13470 13485 13497 13510 13512 13508 13484 13457 13426 13381 13331 13269 13202 13133 13061 12982 12888 12797 12698 12587 12462 12337 12203 12060 11923 11775 11616 11449 11289 11130 10965 10793 10617 10434 10245 10056 9851 9649 9430 9201 8969 8723 8473 8207 
7298 7550 7800 8043 8273 8492 8718 8947 9168 9373 9574 9764 9937 10104 10266 10431 10596 10755 10903 11037 11172 11303 11428 11548 11662 11764 11850 11940 12032 12111 12195 12282 12366 12446 12527 12612 12693 12774 12853 12915 12979 13049 13112 13177 13239 13290 13337 13372 13415 13451 13492 13530 13564 13595 13607 13623 13631 13649 13659 13664 13668 13663 13641 13609 13579 13536 13476 13413 13341 13270 13194 13113 13021 12921 12818 12707 12586 12456 12325 12178 12032 11883 11721 11553 11385 11220 11050 10878 10703 10520 10328 10132 9927 9717 9495 9264 9027 8777 8523 8258 
7405 7659 7917 8165 8404 8629 8853 9079 9305 9515 9723 9918 10092 10259 10422 10589 10754 10912 11060 11192 11324 11455 11580 11695 11805 11907 11996 12087 12177 12259 12341 12426 12513 12594 12679 12764 12845 12926 13000 13069 13133 13202 13273 13348 13411 13463 13506 13539 13575 13612 13655 13692 13727 13759 13771 13784 13794 13812 13818 13820 13821 13819 13792 13761 13731 13686 13626 13554 13481 13404 13324 13241 13146 13048 12936 12823 12701 12576 12441 12294 12147 11990 11828 11657 11484 11313 11137 10960 10787 10605 10411 10212 9998 9785 9559 9327 9086 8831 8576 8306 
7501 7764 8028 8286 8531 8759 8984 9209 9434 9651 9865 10061 10240 10410 10574 10741 10903 11061 11209 11345 11475 11601 11726 11837 11942 12045 12136 12228 12320 12399 12482 12566 12650 12736 12821 12912 12995 13069 13145 13214 13282 13356 13431 13505 13572 13623 13670 13699 13734 13771 13814 13851 13881 13915 13928 13942 13951 13965 13971 13972 13969 13960 13934 13904 13872 13825 13764 13693 13611 13531 13447 13359 13263 13162 13053 12930 12807 12681 12548 12398 12250 12094 11924 11750 11577 11401 11219 11039 10862 10680 10487 10285 10065 9848 9621 9383 9141 8885 8627 8354 
7600 7864 8138 8402 8649 8878 9106 9333 9558 9774 9989 10190 10371 10547 10714 10878 11040 11196 11347 11486 11616 11740 11856 11967 12073 12173 12263 12359 12452 12531 12612 12696 12780 12862 12955 13048 13130 13208 13281 13350 13422 13502 13574 13647 13711 13769 13814 13847 13885 13920 13961 13995 14025 14054 14070 14088 14092 14106 14111 14112 14106 14092 14064 14033 14000 13952 13890 13817 13733 13647 13558 13467 13367 13266 13152 13034 12902 12773 12642 12493 12345 12188 12016 11836 11660 11484 11301 11116 10934 10748 10554 10350 10131 9909 9676 9437 9192 8937 8675 8395 
7701 7971 8246 8514 8761 8992 9223 9454 9681 9892 10105 10309 10497 10675 10843 11009 11169 11327 11477 11617 11747 11867 11981 12088 12196 12295 12384 12479 12574 12655 12735 12818 12902 12987 13077 13171 13256 13336 13412 13481 13556 13634 13708 13776 13842 13896 13948 13986 14027 14064 14101 14133 14160 14190 14204 14220 14227 14238 14242 14239 14231 14218 14183 14148 14115 14068 14003 13927 13843 13754 13660 13566 13464 13357 13245 13122 12993 12861 12726 12581 12433 12273 12102 11920 11739 11562 11379 11190 11002 10810 10609 10408 10189 9967 9729 9488 9243 8982 8717 8435 
7808 8083 8357 8621 8873 9106 9340 9575 9802 10014 10224 10429 10619 10799 10968 11136 11300 11458 11609 11746 11874 11994 12108 12214 12315 12417 12505 12597 12692 12774 12857 12939 13025 13111 13197 13288 13377 13460 13542 13616 13685 13762 13832 13905 13965 14021 14076 14118 14163 14200 14238 14267 14292 14322 14332 14346 14354 14367 14366 14361 14353 14335 14299 14259 14224 14176 14109 14033 13945 13857 13762 13663 13556 13449 13331 13208 13079 12949 12808 12660 12513 12356 12184 12003 11822 11640 11453 11263 11070 10869 10666 10460 10242 10019 9785 9541 9290 9025 8756 8473 
7914 8191 8464 8728 8978 9217 9454 9688 9918 10132 10345 10547 10733 10914 11086 11257 11425 11587 11735 11870 11995 12117 12233 12335 12437 12533 12622 12714 12805 12888 12972 13059 13144 13225 13312 13403 13490 13581 13668 13742 13812 13881 13953 14021 14086 14143 14197 14241 14290 14329 14367 14397 14421 14444 14454 14467 14472 14484 14484 14478 14465 14445 14405 14365 14324 14271 14206 14127 14039 13947 13854 13752 13642 13531 13410 13286 13156 13024 12883 12728 12582 12426 12257 12077 11896 11711 11518 11323 11127 10926 10716 10506 10282 10064 9831 9587 9331 9064 8792 8503 
8009 8289 8565 8827 9076 9314 9553 9788 10018 10237 10451 10651 10834 11012 11187 11363 11534 11698 11846 11978 12105 12226 12342 12448 12546 12642 12725 12817 12910 12992 13080 13169 13253 13332 13417 13510 13601 13693 13781 13856 13924 13997 14060 14130 14197 14256 14310 14353 14403 14445 14485 14517 14537 14558 14565 14576 14577 14586 14588 14580 14564 14541 14501 14457 14415 14358 14287 14210 14119 14028 13930 13831 13719 13604 13483 13356 13223 13088 12944 12793 12641 12485 12319 12142 11958 11773 11578 11374 11176 10976 10765 10548 10324 10102 9870 9626 9375 9102 8825 8533 
8097 8379 8657 8922 9171 9404 9641 9879 10112 10329 10543 10744 10926 11103 11277 11456 11630 11794 11942 12077 12203 12324 12441 12547 12647 12740 12823 12911 13004 13090 13177 13264 13349 13431 13517 13612 13709 13800 13885 13960 14032 14103 14170 14238 14304 14363 14417 14460 14508 14551 14597 14627 14648 14668 14672 14677 14676 14685 14680 14672 14656 14633 14589 14544 14499 14439 14364 14281 14194 14100 14005 13901 13792 13681 13554 13425 13288 13149 13005 12851 12702 12542 12376 12198 12017 11829 11631 11427 11223 11021 10808 10591 10363 10138 9901 9662 9409 9136 8853 8562 
8182 8463 8744 9015 9264 9496 9731 9969 10203 10420 10632 10834 11019 11196 11368 11545 11718 11884 12035 12173 12302 12422 12539 12644 12745 12840 12921 13008 13099 13185 13270 13355 13442 13528 13620 13717 13811 13903 13985 14061 14131 14205 14277 14346 14408 14465 14519 14562 14610 14654 14697 14732 14754 14774 14775 14776 14773 14776 14770 14758 14745 14722 14676 14630 14580 14517 14439 14354 14260 14171 14074 13974 13867 13756 13630 13494 13353 13213 13066 12912 12761 12604 12431 12253 12071 11883 11684 11480 11276 11065 10851 10635 10405 10174 9938 9692 9439 9164 8887 8594 
8259 8543 8826 9096 9351 9585 9820 10053 10283 10502 10716 10917 11104 11284 11456 11628 11797 11965 12121 12262 12396 12517 12631 12737 12837 12934 13017 13105 13195 13273 13357 13444 13532 13623 13720 13819 13911 13998 14085 14156 14226 14305 14377 14449 14511 14564 14616 14659 14710 14750 14793 14828 14854 14873 14874 14875 14864 14863 14855 14843 14826 14804 14761 14710 14658 14590 14510 14420 14325 14230 14139 14042 13935 13822 13694 13559 13415 13272 13124 12968 12819 12656 12486 12303 12117 11930 11734 11529 11322 11112 10892 10673 10442 10212 9969 9719 9459 9190 8915 8624 
8330 8617 8899 9171 9427 9667 9902 10130 10356 10574 10792 10996 11182 11364 11536 11706 11873 12040 12198 12346 12481 12605 12720 12822 12923 13020 13108 13198 13283 13359 13439 13528 13621 13714 13813 13912 14004 14094 14174 14248 14320 14396 14471 14542 14607 14660 14708 14752 14799 14841 14883 14917 14941 14964 14967 14964 14951 14946 14936 14921 14902 14879 14834 14785 14728 14659 14573 14483 14384 14290 14198 14102 13995 13881 13751 13617 13474 13328 13178 13023 12869 12707 12532 12349 12158 11970 11775 11570 11363 11153 10932 10705 10474 10241 9995 9738 9480 9208 8935 8645 
8409 8690 8976 9250 9509 9748 9985 10213 10437 10652 10870 11077 11266 11444 11617 11789 11957 12122 12281 12430 12569 12694 12812 12916 13013 13115 13203 13292 13378 13453 13534 13622 13718 13813 13910 14008 14105 14192 14273 14348 14420 14496 14567 14641 14705 14760 14810 14846 14893 14934 14977 15008 15031 15055 15058 15055 15042 15038 15022 15003 14984 14956 14909 14858 14804 14729 14644 14550 14452 14358 14261 14161 14054 13941 13814 13679 13536 13392 13241 13081 12927 12761 12584 12397 12208 12015 11816 11613 11409 11197 10974 10749 10508 10271 10023 9767 9506 9234 8956 8668 
8488 8770 9052 9330 9590 9827 10063 10296 10519 10731 10946 11152 11341 11521 11693 11868 12037 12204 12360 12508 12648 12776 12896 13003 13106 13204 13291 13379 13468 13547 13630 13720 13811 13904 14000 14101 14194 14284 14370 14443 14514 14591 14662 14732 14798 14855 14904 14941 14983 15023 15063 15093 15116 15135 15137 15138 15129 15124 15108 15087 15061 15032 14980 14928 14871 14801 14712 14621 14522 14423 14325 14219 14109 13999 13873 13741 13597 13455 13303 13141 12983 12814 12634 12447 12254 12060 11857 11653 11449 11238 11016 10787 10545 10298 10051 9795 9534 9258 8979 8683 
8566 8847 9131 9402 9662 9899 10134 10365 10594 10807 11018 11218 11405 11588 11764 11937 12110 12279 12434 12578 12717 12846 12968 13080 13186 13284 13366 13457 13548 13633 13721 13809 13899 13986 14085 14182 14275 14370 14455 14530 14599 14676 14748 14817 14882 14939 14988 15027 15068 15102 15140 15169 15187 15204 15205 15209 15202 15199 15185 15160 15130 15095 15043 14985 14929 14858 14776 14684 14582 14481 14377 14269 14156 14043 13920 13789 13649 13502 13351 13189 13026 12854 12673 12483 12288 12092 11891 11681 11474 11266 11043 10812 10567 10322 10068 9812 9551 9273 8988 8690 
8642 8925 9209 9479 9731 9969 10203 10435 10664 10881 11091 11285 11468 11650 11828 12005 12175 12346 12503 12647 12782 12909 13036 13151 13256 13356 13442 13531 13627 13715 13806 13895 13980 14070 14160 14258 14356 14448 14536 14611 14682 14756 14827 14900 14962 15017 15068 15105 15146 15179 15214 15238 15252 15267 15270 15271 15265 15267 15251 15228 15192 15155 15096 15040 14980 14912 14832 14741 14637 14532 14425 14314 14199 14084 13959 13832 13691 13546 13393 13229 13066 12892 12707 12514 12317 12121 11916 11707 11498 11285 11062 10832 10587 10341 10090 9828 9565 9286 8996 8693 
8712 8996 9279 9548 9799 10027 10264 10498 10728 10942 11154 11349 11528 11706 11883 12062 12235 12403 12562 12707 12841 12968 13094 13208 13314 13416 13507 13599 13690 13780 13871 13961 14052 14134 14225 14322 14417 14512 14598 14676 14745 14819 14889 14959 15022 15078 15124 15162 15200 15236 15267 15285 15298 15314 15313 15314 15309 15309 15298 15273 15239 15195 15136 15075 15018 14950 14866 14777 14673 14565 14457 14343 14226 14108 13983 13853 13715 13570 13418 13252 13089 12915 12726 12531 12334 12135 11929 11719 11508 11290 11064 10837 10596 10351 10099 9837 9567 9284 8993 8687 
8773 9056 9339 9607 9856 10086 10316 10553 10782 10994 11204 11402 11581 11755 11928 12105 12278 12450 12605 12753 12890 13018 13138 13249 13358 13466 13557 13654 13748 13830 13921 14016 14105 14191 14282 14376 14468 14561 14650 14724 14795 14870 14939 15008 15071 15127 15171 15205 15246 15277 15307 15325 15337 15350 15347 15349 15340 15340 15327 15308 15271 15228 15167 15108 15049 14978 14893 14800 14697 14592 14481 14367 14246 14127 13998 13866 13726 13583 13431 13269 13105 12929 12742 12546 12345 12144 11939 11726 11511 11293 11065 10836 10599 10358 10104 9840 9568 9278 8985 8678 
8828 9112 9394 9662 9912 10143 10375 10602 10831 11044 11254 11450 11632 11805 11973 12146 12318 12490 12649 12796 12936 13061 13179 13288 13399 13509 13605 13702 13798 13881 13969 14061 14153 14244 14334 14426 14516 14606 14691 14766 14836 14911 14981 15051 15111 15164 15209 15244 15278 15309 15337 15359 15369 15378 15376 15373 15365 15360 15348 15327 15295 15251 15194 15135 15072 14999 14912 14817 14713 14609 14502 14384 14264 14140 14008 13873 13730 13584 13436 13274 13110 12936 12748 12552 12348 12147 11937 11721 11505 11286 11059 10830 10590 10350 10100 9833 9559 9269 8969 8659 
8870 9154 9437 9707 9959 10190 10421 10647 10868 11082 11292 11488 11668 11844 12011 12179 12348 12519 12681 12830 12963 13089 13209 13321 13429 13540 13638 13737 13831 13922 14007 14093 14190 14279 14372 14466 14554 14640 14720 14795 14866 14939 15011 15080 15138 15189 15235 15268 15299 15326 15359 15377 15388 15399 15390 15388 15375 15371 15355 15334 15303 15267 15210 15150 15087 15010 14919 14824 14719 14615 14508 14395 14270 14145 14010 13872 13725 13579 13429 13267 13106 12934 12746 12548 12348 12141 11927 11708 11492 11273 11047 10820 10575 10333 10081 9818 9544 9252 8951 8634 
8904 9187 9473 9746 9999 10229 10459 10685 10905 11110 11322 11517 11698 11871 12040 12206 12372 12543 12704 12850 12982 13107 13232 13344 13454 13563 13660 13760 13864 13951 14041 14130 14217 14310 14405 14502 14587 14668 14748 14816 14886 14962 15030 15098 15155 15207 15248 15278 15311 15342 15370 15390 15401 15410 15403 15394 15382 15374 15358 15335 15307 15274 15219 15161 15098 15019 14927 14829 14726 14619 14514 14400 14279 14152 14014 13870 13723 13574 13419 13259 13099 12926 12741 12546 12341 12134 11916 11697 11478 11260 11034 10804 10562 10314 10059 9796 9525 9232 8929 8612 
8933 9218 9504 9779 10032 10262 10493 10717 10937 11143 11345 11542 11722 11896 12062 12231 12399 12567 12722 12863 12995 13123 13246 13363 13473 13580 13673 13779 13880 13974 14066 14155 14244 14331 14430 14524 14610 14694 14770 14837 14902 14975 15043 15107 15167 15216 15254 15283 15319 15349 15377 15396 15406 15415 15406 15399 15381 15373 15354 15335 15306 15269 15219 15163 15099 15023 14929 14831 14723 14619 14511 14398 14278 14152 14010 13867 13715 13562 13406 13243 13081 12910 12728 12532 12326 12116 11902 11680 11461 11241 11013 10783 10537 10290 10031 9764 9492 9202 8899 8579 
8960 9250 9538 9810 10064 10296 10526 10751 10971 11176 11379 11566 11748 11921 12089 12259 12429 12592 12740 12877 13010 13139 13264 13378 13489 13595 13692 13789 13893 13991 14084 14174 14267 14356 14444 14540 14629 14714 14791 14857 14918 14983 15049 15116 15170 15219 15259 15291 15323 15352 15383 15399 15408 15416 15407 15399 15382 15369 15354 15333 15301 15265 15211 15157 15097 15021 14931 14829 14722 14613 14507 14393 14270 14142 14005 13859 13704 13549 13390 13222 13058 12889 12706 12510 12305 12098 11883 11666 11445 11223 10994 10760 10513 10264 10005 9733 9458 9169 8868 8549 
8975 9266 9556 9829 10082 10314 10546 10772 10992 11197 11399 11586 11758 11933 12104 12274 12439 12600 12745 12880 13011 13141 13265 13378 13486 13598 13691 13790 13892 13987 14083 14178 14272 14360 14448 14539 14630 14716 14798 14862 14918 14980 15042 15104 15158 15205 15250 15281 15313 15343 15370 15389 15395 15402 15393 15385 15367 15359 15339 15316 15284 15245 15189 15133 15075 15006 14916 14818 14707 14598 14489 14373 14247 14121 13983 13839 13685 13528 13363 13193 13028 12854 12669 12473 12272 12068 11856 11638 11420 11198 10966 10730 10481 10230 9968 9697 9418 9124 8825 8511 
8984 9275 9565 9842 10095 10326 10560 10787 11008 11213 11414 11599 11772 11943 12114 12282 12444 12600 12747 12881 13011 13137 13259 13371 13482 13588 13685 13787 13884 13976 14072 14169 14263 14350 14443 14534 14618 14708 14787 14851 14906 14967 15023 15077 15131 15182 15223 15256 15291 15317 15345 15360 15369 15374 15364 15357 15342 15333 15312 15288 15255 15214 15157 15099 15042 14974 14892 14794 14686 14575 14463 14343 14220 14092 13953 13811 13659 13499 13333 13161 12992 12814 12625 12431 12232 12032 11824 11606 11389 11168 10932 10695 10443 10189 9926 9653 9374 9078 8777 8465 
8996 9289 9581 9857 10114 10346 10579 10808 11030 11235 11435 11620 11796 11967 12130 12294 12455 12613 12758 12896 13023 13145 13264 13377 13483 13591 13690 13791 13889 13979 14071 14163 14257 14350 14442 14536 14622 14702 14781 14843 14902 14959 15009 15062 15112 15161 15204 15237 15270 15299 15323 15338 15345 15353 15342 15337 15323 15311 15292 15267 15230 15189 15130 15074 15016 14948 14866 14774 14668 14557 14442 14322 14196 14068 13930 13787 13633 13476 13311 13136 12961 12780 12590 12394 12197 12000 11795 11581 11363 11139 10905 10663 10409 10153 9888 9613 9332 9038 8737 8421 
8997 9290 9583 9861 10118 10353 10587 10814 11037 11242 11443 11632 11807 11977 12138 12295 12457 12616 12764 12898 13026 13146 13265 13370 13477 13587 13683 13784 13884 13974 14060 14147 14242 14335 14431 14526 14613 14693 14764 14829 14884 14940 14990 15042 15088 15132 15177 15208 15241 15269 15293 15304 15312 15319 15314 15308 15290 15282 15260 15234 15197 15151 15094 15037 14982 14911 14826 14736 14634 14525 14414 14291 14161 14034 13896 13750 13597 13441 13277 13099 12923 12741 12549 12352 12155 11960 11759 11546 11329 11104 10866 10625 10367 10111 9843 9566 9285 8991 8690 8375 
8991 9281 9574 9854 10112 10347 10584 10812 11033 11239 11444 11632 11807 11974 12134 12293 12450 12612 12760 12894 13018 13144 13256 13361 13468 13573 13668 13770 13869 13957 14042 14129 14219 14309 14405 14502 14587 14669 14743 14797 14851 14907 14961 15010 15055 15097 15132 15165 15197 15223 15246 15259 15264 15275 15269 15263 15247 15235 15214 15186 15147 15104 15044 14990 14932 14862 14775 14680 14580 14477 14368 14245 14115 13985 13844 13700 13549 13392 13225 13050 12875 12692 12499 12302 12103 11908 11707 11495 11279 11054 10814 10570 10315 10056 9787 9508 9224 8929 8629 8314 
8978 9267 9558 9837 10097 10333 10570 10800 11022 11230 11436 11625 11797 11964 12125 12285 12446 12602 12750 12884 13012 13130 13248 13354 13455 13557 13650 13751 13847 13933 14022 14108 14194 14281 14374 14467 14554 14637 14710 14763 14810 14870 14921 14974 15019 15055 15089 15113 15146 15170 15193 15207 15218 15225 15216 15212 15196 15183 15158 15130 15093 15050 14994 14936 14879 14806 14718 14621 14519 14417 14310 14192 14063 13929 13787 13646 13495 13335 13169 12995 12823 12641 12449 12250 12051 11852 11647 11436 11221 10995 10756 10512 10256 10000 9729 9449 9160 8864 8563 8248 
8970 9259 9548 9825 10084 10321 10557 10788 11016 11225 11429 11617 11790 11958 12121 12283 12442 12600 12742 12878 13002 13123 13242 13348 13447 13546 13636 13731 13825 13915 14003 14089 14176 14259 14344 14434 14521 14603 14673 14729 14780 14830 14885 14938 14982 15019 15048 15071 15094 15119 15143 15160 15170 15177 15167 15159 15142 15130 15103 15075 15039 15000 14942 14887 14826 14751 14660 14564 14460 14352 14249 14133 14006 13875 13735 13590 13437 13279 13115 12941 12770 12594 12402 12203 12001 11798 11590 11377 11162 10937 10699 10458 10203 9944 9675 9391 9103 8802 8499 8188 
8961 9247 9536 9811 10067 10302 10541 10775 11003 11215 11418 11604 11780 11951 12116 12278 12437 12594 12740 12866 12993 13118 13234 13339 13441 13538 13621 13711 13807 13895 13982 14069 14156 14236 14318 14404 14485 14563 14636 14694 14745 14799 14846 14897 14942 14979 15009 15027 15047 15065 15094 15110 15117 15127 15116 15104 15085 15072 15049 15019 14984 14945 14888 14830 14769 14690 14600 14501 14396 14291 14183 14067 13945 13822 13683 13534 13380 13223 13059 12886 12720 12545 12356 12155 11951 11747 11536 11318 11101 10878 10643 10404 10150 9892 9618 9338 9045 8745 8443 8129 
8953 9240 9526 9800 10052 10287 10528 10763 10990 11200 11406 11595 11771 11946 12112 12274 12433 12591 12732 12863 12988 13109 13224 13328 13430 13526 13605 13695 13786 13872 13959 14045 14129 14211 14294 14373 14446 14522 14596 14654 14707 14763 14809 14854 14899 14936 14966 14983 15000 15019 15038 15053 15063 15070 15058 15046 15023 15010 14986 14961 14925 14884 14827 14768 14703 14626 14531 14430 14326 14219 14109 13991 13875 13755 13619 13473 13319 13160 12997 12828 12664 12492 12302 12102 11898 11693 11478 11258 11038 10814 10581 10343 10091 9832 9561 9276 8986 8687 8385 8071 
8942 9228 9514 9783 10036 10272 10510 10743 10970 11179 11387 11581 11761 11934 12102 12265 12426 12581 12724 12857 12980 13094 13209 13313 13411 13505 13590 13676 13761 13846 13931 14013 14098 14181 14262 14339 14410 14483 14552 14612 14666 14719 14769 14815 14854 14890 14918 14937 14957 14971 14986 14995 15004 15010 14996 14983 14963 14947 14924 14898 14865 14823 14762 14702 14638 14559 14464 14362 14255 14144 14035 13921 13801 13682 13551 13412 13260 13100 12941 12773 12610 12437 12249 12051 11848 11639 11423 11202 10982 10755 10520 10284 10031 9776 9504 9221 8931 8634 8331 8016 
8933 9218 9501 9772 10025 10259 10495 10725 10950 11162 11371 11567 11750 11925 12091 12259 12417 12575 12722 12851 12973 13088 13198 13298 13394 13490 13572 13657 13741 13822 13902 13984 14069 14149 14227 14306 14378 14446 14513 14570 14620 14676 14725 14775 14814 14842 14871 14892 14912 14924 14938 14943 14942 14948 14933 14922 14903 14891 14867 14840 14806 14765 14702 14640 14576 14496 14402 14300 14188 14077 13970 13856 13734 13614 13487 13352 13205 13049 12890 12723 12558 12385 12198 12001 11795 11588 11371 11151 10931 10702 10464 10224 9975 9719 9450 9171 8881 8583 8281 7964 
8917 9200 9484 9757 10009 10241 10474 10702 10927 11140 11354 11548 11731 11909 12080 12243 12406 12567 12712 12841 12963 13079 13187 13279 13377 13471 13549 13633 13718 13795 13873 13954 14035 14111 14189 14270 14342 14412 14476 14525 14574 14628 14679 14726 14767 14797 14822 14842 14859 14875 14887 14887 14883 14881 14868 14857 14840 14829 14807 14780 14744 14701 14641 14578 14510 14432 14338 14232 14122 14012 13904 13787 13667 13549 13419 13286 13145 12995 12840 12669 12504 12331 12143 11942 11738 11531 11318 11098 10877 10648 10406 10165 9912 9659 9394 9116 8829 8530 8225 7911 
8888 9175 9462 9733 9984 10216 10446 10674 10900 11115 11327 11524 11705 11885 12055 12222 12385 12545 12690 12820 12945 13058 13165 13260 13350 13439 13517 13598 13679 13759 13837 13912 13988 14062 14140 14219 14294 14366 14426 14474 14517 14569 14617 14665 14705 14741 14766 14777 14797 14810 14822 14820 14815 14815 14793 14784 14768 14756 14736 14709 14672 14627 14566 14505 14437 14356 14260 14156 14048 13938 13827 13711 13592 13474 13344 13210 13072 12928 12776 12607 12440 12266 12073 11873 11670 11466 11254 11036 10815 10584 10343 10098 9843 9591 9327 9052 8765 8467 8162 7849 
8857 9144 9432 9703 9950 10181 10414 10642 10870 11083 11295 11490 11676 11851 12022 12193 12355 12512 12659 12792 12915 13029 13139 13232 13316 13398 13473 13551 13631 13712 13790 13861 13933 14007 14083 14164 14239 14308 14371 14416 14457 14503 14547 14594 14639 14672 14698 14713 14724 14736 14745 14746 14744 14741 14721 14705 14690 14679 14656 14630 14594 14548 14483 14424 14359 14276 14180 14080 13972 13859 13751 13635 13516 13397 13269 13136 12997 12853 12705 12541 12376 12196 12004 11803 11601 11399 11188 10971 10751 10522 10278 10034 9781 9525 9260 8986 8700 8403 8103 7790 
8823 9108 9393 9665 9912 10142 10377 10609 10833 11045 11256 11453 11634 11814 11985 12153 12316 12475 12622 12754 12877 12996 13106 13195 13278 13356 13422 13500 13581 13656 13730 13803 13876 13946 14023 14103 14174 14244 14306 14354 14393 14435 14474 14521 14563 14596 14623 14639 14650 14653 14664 14667 14666 14666 14645 14627 14606 14594 14571 14543 14508 14462 14398 14335 14269 14191 14098 13996 13887 13777 13668 13554 13434 13318 13191 13059 12916 12768 12622 12462 12297 12120 11925 11726 11524 11321 11112 10895 10678 10449 10207 9965 9713 9458 9190 8914 8630 8338 8039 7731 
8776 9062 9344 9614 9865 10096 10328 10558 10784 10992 11204 11398 11581 11762 11933 12098 12261 12424 12569 12699 12827 12946 13054 13144 13225 13300 13365 13438 13515 13587 13657 13731 13806 13878 13952 14027 14098 14167 14230 14277 14318 14358 14397 14437 14474 14508 14534 14549 14562 14567 14573 14576 14576 14578 14556 14536 14515 14497 14475 14447 14409 14366 14302 14237 14170 14095 14006 13901 13793 13684 13577 13463 13349 13234 13108 12973 12830 12681 12531 12368 12208 12034 11842 11642 11440 11237 11026 10813 10595 10369 10132 9891 9640 9384 9116 8838 8556 8265 7973 7666 
8726 9010 9293 9564 9814 10050 10281 10507 10731 10943 11148 11344 11530 11708 11877 12045 12207 12365 12511 12644 12772 12889 12998 13088 13168 13244 13311 13378 13446 13516 13588 13658 13735 13810 13880 13953 14022 14089 14150 14199 14240 14286 14321 14356 14390 14418 14442 14457 14470 14482 14488 14484 14486 14486 14465 14446 14423 14403 14375 14347 14311 14265 14201 14139 14075 13997 13906 13807 13698 13589 13483 13375 13261 13149 13020 12885 12742 12593 12437 12271 12111 11942 11756 11557 11353 11148 10941 10726 10512 10290 10055 9817 9565 9310 9043 8769 8485 8197 7910 7609 
8678 8958 9242 9516 9767 10002 10234 10458 10680 10887 11097 11292 11475 11653 11822 11990 12151 12306 12452 12586 12712 12830 12938 13026 13109 13189 13253 13316 13381 13447 13517 13590 13665 13735 13809 13881 13946 14011 14072 14119 14165 14209 14245 14280 14308 14330 14348 14360 14379 14389 14401 14399 14390 14391 14370 14352 14328 14305 14275 14243 14207 14160 14095 14037 13974 13894 13804 13708 13604 13495 13393 13287 13175 13059 12932 12798 12656 12502 12347 12178 12015 11849 11665 11470 11266 11061 10852 10640 10429 10210 9977 9738 9489 9234 8972 8698 8420 8132 7847 7553 
8625 8902 9185 9461 9714 9947 10176 10403 10620 10826 11037 11232 11411 11589 11760 11924 12083 12241 12385 12514 12642 12759 12866 12957 13043 13122 13184 13246 13313 13376 13442 13514 13586 13654 13725 13798 13863 13927 13986 14036 14078 14122 14159 14195 14220 14237 14250 14262 14276 14290 14302 14303 14295 14286 14266 14246 14222 14198 14167 14133 14090 14044 13982 13922 13859 13785 13696 13598 13497 13396 13295 13189 13076 12962 12836 12706 12560 12407 12249 12081 11917 11746 11563 11368 11172 10968 10758 10549 10340 10122 9889 9653 9407 9159 8895 8629 8353 8069 7786 7488 
8569 8850 9131 9405 9657 9890 10119 10340 10560 10765 10969 11161 11342 11518 11685 11849 12008 12164 12308 12437 12561 12678 12787 12879 12964 13040 13103 13169 13234 13300 13365 13428 13499 13567 13635 13707 13775 13838 13899 13945 13985 14027 14062 14097 14124 14138 14151 14156 14168 14181 14194 14194 14191 14183 14152 14132 14107 14084 14052 14014 13970 13921 13861 13800 13738 13667 13581 13483 13385 13287 13190 13083 12970 12859 12736 12600 12457 12303 12147 11978 11811 11637 11447 11257 11062 10865 10661 10450 10242 10024 9792 9559 9319 9072 8817 8552 8281 8002 7718 7418 
8508 8792 9075 9345 9593 9827 10054 10276 10495 10699 10899 11087 11267 11440 11603 11767 11926 12079 12223 12351 12473 12589 12700 12790 12872 12949 13015 13081 13150 13217 13280 13342 13406 13470 13539 13610 13676 13745 13802 13846 13884 13923 13955 13989 14015 14036 14044 14047 14055 14064 14075 14078 14074 14069 14039 14010 13986 13961 13927 13889 13847 13797 13731 13675 13614 13542 13457 13368 13271 13171 13075 12971 12860 12750 12623 12489 12343 12193 12038 11867 11698 11521 11333 11137 10946 10755 10557 10350 10138 9922 9692 9462 9222 8983 8731 8472 8207 7924 7640 7343 
8445 8731 9014 9285 9529 9757 9985 10210 10425 10625 10827 11013 11185 11356 11520 11680 11836 11991 12132 12257 12381 12497 12604 12693 12775 12855 12922 12992 13063 13128 13192 13255 13316 13377 13444 13514 13581 13646 13703 13746 13782 13818 13848 13879 13909 13927 13939 13941 13945 13948 13956 13957 13955 13950 13925 13899 13864 13837 13802 13766 13724 13672 13609 13549 13490 13418 13337 13251 13157 13057 12958 12858 12753 12636 12509 12374 12230 12078 11923 11752 11581 11406 11215 11020 10828 10640 10446 10243 10036 9818 9592 9361 9126 8889 8642 8390 8125 7841 7557 7260 
8380 8665 8949 9220 9463 9689 9917 10140 10354 10553 10753 10937 11106 11272 11435 11593 11746 11897 12037 12162 12285 12400 12504 12591 12678 12758 12828 12900 12970 13038 13103 13164 13228 13290 13352 13421 13484 13545 13600 13643 13678 13713 13740 13774 13799 13818 13830 13835 13836 13837 13840 13837 13833 13831 13808 13785 13750 13713 13680 13643 13600 13553 13492 13431 13365 13301 13222 13135 13041 12944 12847 12748 12640 12527 12397 12262 12119 11966 11808 11637 11470 11293 11102 10909 10718 10527 10334 10136 9935 9723 9493 9268 9033 8799 8557 8303 8038 7758 7474 7181 
8304 8584 8867 9137 9382 9613 9836 10054 10268 10468 10663 10844 11014 11177 11333 11491 11642 11788 11926 12051 12171 12282 12387 12477 12561 12647 12718 12788 12861 12930 12994 13059 13124 13187 13250 13312 13369 13427 13477 13519 13556 13589 13619 13648 13673 13690 13702 13705 13711 13710 13711 13702 13695 13693 13670 13647 13616 13583 13540 13503 13464 13418 13357 13294 13233 13167 13091 13004 12908 12814 12724 12622 12514 12401 12275 12140 11994 11841 11682 11512 11346 11173 10985 10792 10602 10411 10217 10022 9828 9618 9397 9170 8939 8709 8464 8209 7947 7670 7394 7106 
8216 8492 8768 9039 9289 9519 9742 9958 10170 10366 10561 10739 10906 11066 11221 11372 11521 11666 11801 11921 12038 12147 12253 12343 12430 12515 12587 12659 12732 12801 12869 12935 13002 13066 13128 13188 13240 13293 13342 13380 13414 13454 13481 13510 13533 13549 13556 13561 13567 13571 13570 13559 13548 13540 13514 13493 13466 13437 13396 13353 13316 13269 13206 13148 13090 13025 12945 12860 12767 12674 12581 12485 12376 12264 12140 12005 11859 11704 11549 11379 11213 11044 10859 10670 10479 10290 10098 9905 9711 9510 9293 9072 8844 8612 8365 8113 7852 7581 7312 7026 
8127 8398 8672 8942 9190 9420 9645 9864 10070 10263 10456 10633 10795 10954 11107 11255 11398 11542 11675 11790 11902 12013 12117 12208 12297 12380 12451 12525 12597 12669 12740 12808 12877 12941 13000 13060 13110 13159 13204 13238 13273 13309 13339 13368 13390 13401 13409 13410 13419 13423 13427 13416 13400 13385 13355 13335 13310 13283 13250 13210 13162 13112 13054 12998 12942 12878 12798 12712 12622 12524 12431 12333 12229 12118 11989 11857 11712 11561 11405 11238 11075 10904 10723 10536 10349 10162 9975 9783 9594 9396 9185 8971 8743 8507 8266 8014 7758 7494 7225 6942 
8033 8303 8578 8843 9085 9315 9544 9761 9969 10158 10347 10520 10683 10838 10988 11135 11275 11413 11543 11656 11769 11876 11982 12071 12156 12241 12311 12383 12459 12532 12604 12676 12745 12807 12867 12924 12975 13023 13061 13095 13125 13160 13190 13221 13240 13252 13257 13259 13264 13271 13277 13268 13249 13231 13199 13176 13150 13129 13099 13061 13012 12956 12898 12844 12788 12724 12648 12564 12467 12373 12277 12179 12075 11964 11837 11702 11563 11413 11260 11094 10933 10765 10583 10401 10219 10040 9853 9666 9478 9283 9078 8864 8636 8407 8164 7919 7667 7402 7135 6857 
7942 8213 8484 8745 8983 9211 9438 9657 9865 10055 10238 10409 10569 10723 10870 11014 11152 11286 11410 11526 11638 11746 11850 11936 12019 12101 12171 12245 12322 12398 12472 12543 12612 12674 12733 12792 12841 12887 12928 12954 12982 13016 13043 13072 13094 13103 13108 13107 13113 13118 13124 13114 13099 13083 13048 13020 12995 12974 12944 12906 12863 12809 12745 12689 12632 12570 12496 12411 12317 12218 12125 12025 11916 11806 11681 11551 11409 11264 11114 10949 10790 10625 10445 10264 10090 9914 9735 9548 9363 9171 8964 8750 8530 8303 8068 7825 7573 7309 7046 6773 
7854 8117 8384 8642 8878 9102 9326 9544 9753 9941 10127 10293 10449 10601 10747 10887 11021 11154 11281 11392 11507 11614 11712 11796 11877 11955 12025 12102 12180 12258 12333 12402 12470 12532 12593 12652 12700 12748 12786 12813 12837 12867 12891 12918 12939 12952 12955 12954 12959 12962 12963 12954 12942 12929 12892 12865 12836 12809 12777 12744 12703 12654 12590 12525 12469 12408 12331 12249 12156 12059 11962 11860 11750 11637 11516 11388 11251 11106 10959 10798 10639 10476 10302 10126 9951 9783 9608 9428 9245 9051 8841 8632 8413 8195 7966 7724 7473 7213 6953 6678 
7764 8023 8283 8537 8771 8992 9212 9426 9632 9823 10008 10175 10327 10475 10618 10756 10887 11022 11147 11262 11372 11477 11576 11655 11732 11810 11878 11954 12034 12111 12184 12254 12320 12383 12446 12505 12557 12603 12641 12669 12692 12716 12738 12761 12780 12793 12799 12799 12801 12800 12800 12791 12780 12766 12736 12707 12671 12637 12605 12572 12536 12486 12424 12360 12299 12234 12159 12076 11985 11889 11790 11685 11574 11463 11340 11216 11083 10941 10796 10638 10484 10324 10154 9981 9811 9643 9474 9299 9118 8921 8715 8504 8290 8078 7852 7615 7370 7113 6851 6577 
7676 7932 8188 8434 8665 8885 9102 9310 9514 9703 9890 10056 10209 10352 10490 10626 10761 10892 11019 11133 11242 11344 11442 11520 11594 11671 11738 11812 11889 11964 12036 12104 12173 12236 12297 12361 12412 12460 12500 12526 12548 12573 12588 12609 12625 12635 12643 12644 12644 12641 12642 12632 12617 12609 12579 12550 12510 12476 12440 12407 12369 12319 12258 12198 12135 12065 11989 11907 11815 11716 11620 11515 11403 11291 11170 11047 10916 10779 10636 10480 10331 10178 10010 9841 9675 9510 9342 9168 8987 8798 8590 8383 8171 7959 7737 7506 7267 7010 6749 6481 
7586 7839 8091 8334 8558 8775 8989 9195 9395 9581 9767 9934 10084 10226 10359 10495 10627 10762 10886 10997 11107 11208 11301 11381 11457 11530 11597 11669 11740 11812 11882 11951 12020 12083 12147 12208 12262 12313 12353 12379 12402 12423 12440 12456 12469 12477 12480 12480 12482 12482 12481 12468 12457 12446 12415 12384 12351 12315 12278 12239 12196 12145 12087 12025 11966 11896 11815 11732 11637 11540 11443 11342 11230 11118 10998 10876 10747 10611 10473 10321 10176 10027 9868 9700 9536 9376 9207 9030 8856 8668 8467 8262 8050 7838 7619 7393 7154 6901 6648 6383 
7491 7743 7994 8233 8453 8660 8872 9076 9274 9457 9638 9803 9953 10093 10231 10361 10494 10627 10751 10863 10969 11068 11162 11240 11317 11392 11455 11523 11592 11658 11727 11796 11863 11929 11992 12054 12109 12161 12202 12231 12253 12275 12291 12308 12318 12322 12320 12316 12322 12324 12322 12311 12299 12285 12249 12224 12191 12161 12120 12075 12027 11974 11912 11853 11794 11728 11646 11555 11461 11362 11268 11166 11059 10949 10828 10708 10579 10446 10310 10165 10023 9879 9725 9563 9401 9239 9070 8897 8721 8538 8342 8140 7929 7719 7502 7273 7037 6792 6545 6287 
7385 7636 7887 8123 8337 8542 8745 8946 9142 9321 9497 9657 9806 9952 10087 10221 10349 10478 10604 10715 10818 10915 11011 11090 11165 11240 11302 11366 11430 11496 11562 11627 11697 11761 11824 11889 11943 11994 12039 12068 12092 12117 12133 12150 12161 12159 12154 12150 12151 12150 12154 12143 12127 12110 12079 12052 12024 11992 11952 11905 11855 11794 11730 11669 11613 11547 11464 11375 11274 11177 11081 10983 10877 10771 10653 10531 10404 10274 10142 9998 9864 9723 9572 9416 9256 9091 8925 8753 8578 8397 8203 8005 7798 7591 7372 7144 6913 6673 6433 6178 
7274 7521 7769 8003 8216 8416 8616 8809 9001 9176 9348 9504 9654 9798 9938 10071 10199 10325 10447 10555 10660 10758 10851 10931 11005 11075 11137 11199 11260 11324 11388 11453 11519 11584 11648 11711 11766 11819 11862 11894 11922 11948 11966 11982 11992 11992 11987 11979 11974 11972 11975 11964 11946 11933 11900 11876 11845 11813 11773 11730 11676 11612 11543 11480 11422 11355 11274 11185 11086 10983 10890 10791 10689 10585 10471 10352 10226 10100 9970 9831 9698 9563 9416 9259 9100 8942 8774 8602 8431 8249 8056 7861 7659 7453 7235 7011 6784 6548 6310 6063 
7159 7400 7641 7874 8086 8284 8480 8669 8851 9022 9191 9349 9494 9637 9776 9910 10039 10164 10280 10388 10493 10592 10686 10761 10835 10904 10960 11023 11085 11144 11209 11272 11336 11400 11462 11523 11579 11632 11676 11710 11740 11769 11787 11804 11813 11816 11813 11799 11794 11789 11786 11772 11761 11746 11712 11685 11653 11621 11585 11538 11488 11423 11352 11284 11220 11154 11074 10987 10888 10790 10693 10596 10495 10395 10282 10168 10048 9922 9797 9660 9530 9397 9252 9094 8939 8783 8619 8448 8274 8097 7907 7714 7512 7309 7097 6877 6653 6419 6186 5946 
7044 7283 7521 7748 7958 8156 8348 8532 8710 8872 9043 9197 9342 9482 9617 9751 9879 10002 10121 10226 10330 10429 10522 10597 10668 10735 10792 10852 10913 10976 11036 11098 11162 11222 11281 11344 11397 11449 11496 11530 11561 11591 11611 11628 11642 11644 11638 11630 11622 11612 11603 11589 11576 11564 11527 11497 11465 11435 11394 11351 11299 11238 11166 11092 11024 10954 10875 10789 10696 10600 10506 10406 10308 10207 10098 9988 9872 9753 9628 9494 9367 9234 9087 8936 8781 8626 8467 8297 8123 7946 7761 7568 7366 7168 6961 6746 6524 6295 6069 5828 
6924 7161 7398 7621 7826 8020 8210 8391 8565 8730 8890 9044 9187 9324 9457 9586 9712 9838 9957 10063 10164 10260 10352 10427 10495 10560 10619 10678 10739 10801 10863 10922 10981 11039 11098 11157 11210 11263 11309 11345 11375 11405 11426 11449 11462 11462 11458 11451 11444 11428 11420 11403 11386 11371 11335 11305 11274 11240 11200 11155 11107 11044 10972 10898 10825 10753 10671 10590 10499 10406 10315 10218 10116 10019 9913 9806 9695 9580 9458 9327 9200 9065 8921 8770 8619 8467 8307 8142 7971 7795 7607 7417 7219 7024 6821 6608 6394 6172 5946 5713 
6809 7035 7269 7492 7691 7878 8065 8245 8422 8583 8741 8886 9026 9162 9292 9416 9539 9663 9784 9891 9991 10082 10173 10244 10313 10378 10434 10498 10559 10620 10683 10739 10795 10853 10909 10966 11019 11072 11118 11152 11183 11212 11237 11260 11272 11276 11272 11264 11255 11246 11233 11215 11194 11173 11137 11112 11076 11041 10999 10956 10906 10843 10770 10697 10625 10547 10466 10385 10296 10206 10118 10023 9925 9828 9725 9622 9514 9400 9285 9158 9029 8897 8752 8602 8454 8304 8146 7981 7816 7640 7453 7264 7071 6880 6677 6471 6264 6045 5825 5594 
6684 6907 7131 7349 7546 7727 7909 8092 8267 8427 8583 8724 8857 8990 9117 9239 9360 9481 9601 9708 9806 9898 9982 10053 10121 10185 10245 10307 10371 10433 10490 10546 10605 10660 10714 10771 10822 10873 10917 10950 10979 11012 11036 11056 11072 11078 11074 11064 11060 11052 11043 11020 10996 10973 10935 10904 10871 10833 10791 10746 10694 10630 10558 10485 10413 10338 10253 10173 10084 9996 9910 9819 9728 9634 9533 9433 9325 9216 9100 8973 8851 8718 8574 8426 8277 8129 7975 7814 7646 7474 7292 7108 6917 6728 6532 6331 6126 5913 5697 5473 
6560 6777 6995 7201 7393 7572 7756 7933 8107 8267 8420 8560 8690 8814 8939 9061 9181 9299 9415 9517 9617 9706 9792 9859 9925 9992 10052 10116 10179 10239 10296 10351 10409 10464 10517 10571 10620 10667 10709 10740 10771 10801 10823 10846 10862 10868 10864 10860 10856 10852 10844 10824 10797 10774 10730 10696 10659 10625 10580 10531 10477 10413 10341 10268 10198 10125 10043 9960 9871 9782 9699 9615 9526 9439 9342 9240 9137 9026 8910 8786 8666 8538 8396 8248 8101 7954 7803 7642 7476 7306 7131 6951 6762 6579 6390 6190 5990 5780 5571 5351 
6433 6646 6857 7057 7237 7417 7600 7775 7944 8102 8256 8394 8521 8643 8762 8883 9002 9116 9225 9323 9419 9511 9597 9664 9730 9796 9857 9922 9982 10040 10100 10154 10210 10266 10318 10368 10414 10460 10498 10530 10558 10584 10607 10631 10646 10650 10651 10647 10646 10640 10633 10617 10596 10567 10523 10485 10445 10406 10361 10309 10252 10187 10115 10044 9976 9904 9824 9742 9650 9563 9486 9404 9322 9238 9144 9048 8941 8829 8716 8593 8473 8350 8212 8065 7919 7775 7621 7461 7300 7134 6961 6785 6603 6426 6238 6043 5846 5642 5436 5223 
6296 6505 6712 6905 7084 7251 7431 7605 7770 7925 8078 8215 8341 8462 8577 8691 8806 8916 9021 9113 9207 9298 9385 9456 9523 9587 9648 9709 9769 9829 9886 9941 9999 10052 10103 10153 10196 10239 10278 10306 10330 10358 10380 10401 10415 10423 10423 10423 10421 10415 10407 10396 10377 10353 10304 10266 10222 10177 10127 10077 10019 9950 9881 9813 9746 9678 9599 9518 9430 9345 9269 9191 9112 9032 8942 8847 8740 8629 8516 8393 8276 8153 8019 7877 7733 7586 7432 7274 7117 6955 6784 6613 6439 6264 6082 5890 5698 5499 5300 5089 
6154 6356 6559 6752 6925 7088 7256 7425 7592 7745 7891 8026 8152 8271 8385 8494 8599 8705 8806 8897 8988 9075 9165 9239 9309 9375 9429 9489 9550 9609 9666 9721 9779 9832 9881 9931 9973 10015 10051 10076 10100 10126 10146 10164 10180 10188 10191 10188 10188 10182 10176 10163 10149 10128 10084 10041 9993 9945 9891 9837 9779 9713 9642 9575 9513 9445 9368 9290 9209 9127 9054 8976 8898 8822 8734 8638 8537 8427 8312 8191 8073 7954 7820 7683 7541 7394 7242 7088 6933 6773 6609 6444 6270 6103 5924 5737 5549 5356 5160 4954 
6013 6212 6411 6601 6772 6930 7092 7251 7416 7568 7711 7842 7966 8084 8196 8301 8401 8497 8597 8687 8775 8861 8949 9024 9097 9161 9216 9274 9333 9390 9450 9504 9560 9614 9664 9711 9754 9795 9826 9852 9873 9893 9910 9931 9945 9954 9955 9952 9951 9949 9942 9931 9916 9899 9857 9815 9762 9713 9657 9597 9539 9475 9405 9338 9276 9211 9136 9065 8987 8912 8840 8761 8686 8609 8520 8430 8329 8222 8109 7986 7871 7752 7622 7482 7342 7201 7052 6899 6746 6591 6433 6270 6102 5936 5763 5581 5399 5208 5016 4814 
5863 6061 6256 6441 6609 6762 6920 7075 7227 7376 7520 7648 7768 7883 7992 8095 8191 8284 8378 8465 8554 8639 8725 8798 8866 8932 8990 9048 9101 9159 9216 9271 9327 9380 9430 9480 9519 9557 9591 9615 9633 9649 9666 9685 9701 9706 9705 9702 9703 9699 9696 9685 9671 9653 9612 9572 9523 9470 9411 9352 9292 9227 9161 9094 9030 8967 8900 8831 8759 8684 8616 8542 8464 8384 8299 8209 8110 8005 7894 7775 7658 7542 7410 7271 7132 6996 6851 6700 6550 6402 6244 6087 5922 5760 5590 5415 5236 5049 4859 4661 
5709 5899 6093 6274 6435 6587 6743 6892 7039 7176 7315 7444 7561 7670 7776 7876 7971 8061 8152 8235 8323 8408 8492 8560 8627 8693 8752 8809 8864 8917 8974 9027 9085 9137 9188 9238 9275 9313 9346 9368 9383 9402 9416 9433 9446 9450 9447 9444 9444 9442 9438 9430 9416 9396 9354 9318 9272 9221 9161 9102 9041 8976 8908 8843 8780 8721 8655 8591 8518 8447 8382 8309 8229 8152 8066 7976 7880 7778 7670 7552 7438 7318 7187 7051 6917 6782 6640 6496 6352 6203 6050 5894 5733 5575 5412 5239 5065 4882 4696 4505 
5547 5735 5921 6099 6258 6406 6559 6705 6846 6978 7106 7230 7346 7452 7552 7650 7744 7832 7922 8004 8087 8170 8251 8317 8383 8447 8502 8562 8617 8671 8724 8778 8833 8888 8939 8985 9026 9064 9092 9112 9131 9147 9162 9173 9182 9186 9185 9179 9179 9177 9174 9165 9151 9131 9090 9054 9010 8965 8910 8848 8787 8721 8652 8586 8530 8472 8408 8343 8275 8206 8142 8065 7991 7915 7826 7737 7642 7543 7439 7325 7210 7091 6960 6829 6695 6563 6425 6288 6147 6005 5853 5700 5540 5389 5228 5060 4889 4710 4532 4344 
5378 5559 5741 5911 6069 6214 6361 6505 6642 6770 6893 7004 7115 7220 7318 7412 7503 7593 7684 7764 7845 7920 7998 8064 8127 8186 8241 8298 8355 8410 8465 8514 8570 8621 8671 8720 8758 8795 8821 8841 8858 8874 8884 8895 8901 8903 8900 8896 8894 8891 8887 8875 8860 8843 8803 8766 8725 8685 8634 8577 8513 8448 8380 8319 8260 8206 8142 8079 8015 7948 7879 7808 7733 7657 7568 7481 7388 7290 7190 7077 6965 6850 6723 6590 6459 6330 6198 6062 5929 5791 5643 5491 5338 5190 5034 4870 4703 4530 4356 4174 
5196 5372 5547 5713 5861 6004 6148 6286 6423 6546 6662 6767 6866 6967 7066 7158 7249 7339 7431 7511 7587 7659 7732 7796 7855 7914 7966 8022 8077 8135 8190 8240 8290 8339 8388 8438 8475 8507 8538 8558 8571 8585 8595 8604 8611 8610 8605 8601 8600 8594 8586 8574 8559 8542 8503 8470 8431 8392 8346 8293 8234 8166 8103 8042 7985 7928 7868 7810 7743 7674 7613 7541 7466 7388 7301 7217 7125 7029 6928 6818 6711 6601 6478 6348 6219 6096 5962 5834 5704 5571 5428 5285 5134 4989 4836 4677 4517 4347 4178 4003 
