1000
49 91 20
59 83 14
0 67 14
65 20 25
95 34 48
59 78 3
13 0 12
88 19 11
55 8 85
55 35 67
33 14 42
20 49 64
91 97 68
36 69 78
97 50 15
48 66 43
3 82 11
36 58 69
32 83 77
92 72 27
57 52 59
47 13 14
11 30 93
7 71 33
29 84 31
45 98 34
59 26 80
22 49 44
5 94 13
36 5 71
84 38 26
82 1 62
18 98 52
32 87 83
78 48 6
77 8 73
24 94 79
52 65 71
48 61 53
88 85 22
43 3 27
39 59 93
22 45 56
76 22 13
43 26 71
32 82 89
52 28 21
93 86 89
29 51 23
2 90 69
89 46 94
67 69 14
66 40 26
71 57 63
5 51 79
72 9 16
88 33 81
50 9 26
65 14 45
0 51 46
0 45 47
70 72 45
13 75 52
20 97 36
7 48 47
65 68 12
45 51 55
37 10 73
71 75 11
70 58 3
51 44 58
28 27 39
32 0 27
19 2 48
44 80 52
39 27 39
50 31 38
46 57 68
24 2 77
61 1 44
58 48 35
49 90 85
52 50 33
42 8 68
2 70 55
43 17 51
58 26 17
48 65 26
77 71 9
86 81 59
62 10 78
74 44 54
86 9 57
26 77 59
92 16 56
95 57 78
6 41 86
88 81 8
52 0 2
42 9 35
9 39 74
3 46 33
26 16 23
64 57 71
74 45 41
30 26 94
74 51 23
85 83 86
18 79 77
70 93 83
6 99 99
70 91 3
46 83 55
33 70 32
22 74 41
14 17 13
35 25 38
28 12 29
96 49 91
65 28 54
58 10 14
1 48 46
22 11 62
30 5 39
85 61 100
81 98 51
51 32 26
53 94 52
33 69 33
48 54 93
48 55 5
15 77 29
16 56 92
85 14 26
20 1 53
27 21 93
81 87 40
32 33 29
46 55 13
45 62 55
54 84 94
65 50 40
6 72 15
85 3 35
5 97 38
95 78 68
98 91 25
35 39 90
51 66 36
89 18 75
28 6 26
25 97 64
21 61 45
64 81 48
12 16 40
85 30 29
60 48 96
14 8 51
45 51 95
44 59 94
63 51 35
50 59 29
17 45 17
78 99 3
78 11 57
84 32 74
1 12 22
94 24 22
85 98 81
34 34 34
28 59 95
85 82 33
10 68 22
62 8 29
47 88 57
50 85 70
36 58 89
30 38 31
10 19 83
57 35 94
4 65 5
31 3 27
77 1 48
13 62 21
45 30 61
95 60 94
69 61 46
15 94 69
82 35 32
41 32 51
68 17 61
69 94 73
23 4 20
12 40 61
38 5 15
9 11 63
21 32 92
34 30 29
50 44 15
57 76 4
78 78 67
34 77 1
57 36 27
63 76 56
41 68 68
30 43 76
38 71 65
85 82 50
65 62 95
87 82 34
90 41 2
88 49 73
28 74 68
25 91 87
49 56 67
89 79 92
33 79 43
0 5 3
60 86 35
60 21 90
97 98 93
47 57 5
37 99 37
3 79 97
39 5 1
45 14 41
56 35 65
49 96 35
47 58 53
13 94 7
99 81 57
80 21 62
9 27 83
83 54 97
65 60 98
64 63 53
49 96 30
4 15 63
30 29 87
90 6 83
9 0 57
33 82 5
99 14 94
3 68 64
89 52 14
47 66 49
32 49 89
61 73 49
47 37 51
73 44 66
50 68 87
51 88 12
56 21 62
87 90 60
79 80 75
4 91 40
22 92 38
6 7 69
18 44 25
70 51 63
62 75 29
28 2 83
91 60 15
11 95 85
48 32 64
82 97 40
19 41 81
36 73 34
5 44 76
24 49 71
32 91 12
8 0 80
44 90 27
88 51 16
65 93 63
68 68 18
37 77 98
41 65 5
31 8 72
45 0 100
70 92 60
29 13 50
7 50 74
53 51 7
51 35 92
21 65 95
42 69 100
34 73 84
40 29 6
13 52 88
69 39 73
0 59 77
84 9 40
96 89 62
91 36 92
70 69 99
28 14 63
57 42 52
16 27 11
54 54 66
21 15 39
34 19 39
28 8 66
60 5 89
67 14 72
92 39 46
83 38 1
77 6 11
87 31 5
24 86 73
66 51 39
36 47 90
42 95 95
65 20 72
26 17 25
22 81 68
82 82 62
10 5 79
52 20 42
6 3 76
21 14 98
97 22 20
16 0 87
34 17 63
68 37 73
64 47 44
75 85 38
60 83 67
34 21 43
83 37 38
87 68 75
92 3 30
17 90 19
47 30 5
21 12 55
83 97 26
0 13 8
42 75 60
77 81 61
23 18 4
67 11 23
79 14 99
36 12 57
44 35 66
99 56 31
35 81 92
71 20 90
74 99 38
57 48 89
85 90 80
86 47 11
44 50 37
49 33 85
46 31 31
4 8 58
94 36 56
42 11 45
52 24 89
2 72 72
94 6 21
45 61 89
56 2 14
29 86 59
44 32 36
89 30 43
14 7 95
60 60 21
50 83 48
89 22 68
17 60 94
41 23 13
22 59 44
77 25 35
62 98 25
62 82 36
51 15 13
61 49 25
13 88 46
71 47 14
25 44 82
56 66 84
46 60 57
39 49 17
80 57 21
32 39 92
1 1 66
73 14 73
26 13 81
46 27 7
17 60 53
48 76 90
64 6 30
92 38 29
93 98 40
1 68 30
7 36 71
70 68 12
87 32 38
48 27 14
88 35 41
5 43 64
81 68 100
96 99 58
53 98 63
57 92 25
98 68 53
75 70 23
21 8 18
8 75 80
91 38 18
54 22 29
79 33 51
4 12 28
33 75 100
81 43 50
26 61 91
34 12 91
89 58 81
62 42 10
7 24 49
88 60 76
18 87 19
38 1 92
70 18 100
73 83 78
29 91 19
32 43 20
1 91 47
70 23 17
55 15 18
65 73 93
64 58 72
7 66 59
91 49 6
69 81 53
94 86 17
23 78 74
78 54 16
92 3 74
32 62 69
81 62 85
48 33 99
47 10 96
39 2 17
91 74 33
19 23 27
4 68 5
73 69 36
47 56 1
54 8 43
44 80 4
45 96 88
88 64 68
51 25 65
12 35 53
27 75 6
67 57 97
53 58 36
50 6 81
10 59 97
70 22 87
77 18 51
45 79 89
89 24 98
49 81 66
18 26 52
78 82 76
11 24 11
95 57 34
2 70 37
9 97 17
67 28 62
38 1 44
80 22 30
75 38 93
70 34 68
58 83 74
15 12 15
81 12 17
90 15 26
84 75 59
97 57 66
58 93 79
71 2 82
38 37 62
48 86 65
57 87 28
29 8 25
81 48 65
39 80 51
10 89 89
10 78 68
62 68 49
81 99 44
66 48 8
56 0 89
70 34 45
22 26 21
11 45 96
1 27 4
37 82 81
3 58 38
41 20 24
57 86 26
32 78 8
75 90 95
30 42 94
64 61 17
14 84 96
2 42 72
68 56 28
89 3 92
79 64 84
37 59 72
73 8 51
15 69 36
38 88 38
10 38 20
14 52 2
10 18 39
13 72 7
17 47 4
5 96 12
8 40 100
75 46 96
68 69 71
56 64 97
33 23 48
38 38 71
48 23 46
57 86 78
92 65 45
53 53 97
52 81 1
48 61 39
47 86 28
40 7 77
38 63 54
2 27 93
41 32 27
9 1 38
94 73 66
32 63 57
94 66 42
97 48 8
14 69 98
92 62 60
31 34 69
28 5 77
44 9 25
66 11 76
19 32 67
86 73 98
3 25 11
58 0 74
5 18 82
15 16 84
5 63 30
64 3 44
32 92 80
41 64 72
62 28 99
32 26 37
3 79 64
19 46 93
21 27 3
43 27 46
89 37 36
60 61 4
60 75 15
14 32 12
80 11 14
69 66 9
82 54 61
62 81 92
9 40 81
55 48 17
52 87 56
84 58 2
72 20 93
57 19 55
90 16 6
50 30 54
16 47 30
76 23 99
27 81 68
90 8 91
97 99 57
60 86 4
28 43 46
14 58 41
80 8 28
95 14 53
51 93 32
87 52 48
16 35 47
88 16 79
87 43 48
54 47 38
15 54 23
86 12 53
17 69 93
20 69 62
95 77 83
92 59 48
19 87 12
57 82 33
81 88 56
95 77 9
64 85 38
48 36 66
50 32 69
43 76 83
61 65 81
54 99 48
72 59 51
19 21 14
15 62 82
56 33 71
40 88 21
61 72 44
49 28 43
17 8 24
14 2 72
36 14 6
84 42 44
75 56 13
41 13 34
82 97 31
97 31 4
88 31 13
4 14 32
28 24 72
9 24 53
41 83 42
52 59 21
52 67 60
99 37 40
38 55 52
3 11 11
83 78 64
81 75 79
17 4 94
36 21 12
51 30 2
36 21 63
73 58 79
5 27 58
11 32 34
6 54 38
9 21 74
54 73 59
13 69 94
9 90 4
97 22 37
15 7 92
60 89 70
23 43 77
7 67 55
15 72 83
2 31 26
99 18 30
70 86 12
42 60 75
28 88 91
21 98 36
96 24 46
88 69 72
28 28 48
17 93 25
1 11 93
11 36 99
78 54 47
24 45 96
91 79 91
4 92 59
50 82 55
35 41 96
27 34 5
73 76 47
1 12 95
29 16 32
36 27 89
82 85 38
82 18 71
59 97 7
96 51 28
41 51 9
51 23 98
75 36 49
68 16 86
38 57 72
21 43 4
13 88 52
75 93 48
31 34 1
49 94 57
88 54 91
38 47 89
95 30 32
7 20 85
73 97 11
97 79 45
21 28 7
59 72 2
28 55 13
65 76 82
80 61 96
82 76 15
43 3 48
45 7 64
49 33 19
63 45 19
95 48 40
55 4 94
69 13 82
43 39 98
80 5 90
67 67 53
96 97 10
21 28 93
9 69 93
70 71 46
6 91 33
86 64 4
28 49 16
92 62 43
80 44 61
74 88 96
35 96 53
50 73 79
28 86 50
51 0 71
4 51 66
54 73 34
25 82 23
0 89 92
85 73 2
4 79 49
57 95 33
33 35 22
19 77 19
43 77 26
17 87 45
94 10 75
72 58 14
79 42 23
51 52 32
12 60 57
27 26 90
21 30 13
66 6 20
3 79 76
7 30 53
92 36 63
38 19 84
84 76 99
3 34 39
93 20 27
81 63 43
17 83 88
37 0 61
49 28 44
5 62 29
63 72 73
80 14 57
22 32 61
30 91 7
60 97 26
39 75 11
35 81 2
23 11 97
26 61 79
23 26 100
17 97 45
73 61 29
86 17 82
81 94 49
94 36 2
24 55 83
9 25 100
24 33 67
40 21 42
41 37 1
87 46 15
7 84 48
46 52 57
87 61 95
45 33 92
67 97 57
65 11 66
65 63 71
9 51 90
94 86 34
50 75 40
36 98 22
83 47 92
44 70 42
26 9 3
18 83 24
95 44 95
55 10 100
87 37 35
90 4 69
61 32 59
52 98 80
9 73 39
88 12 16
52 0 6
28 76 58
16 18 17
48 18 19
98 85 76
63 52 80
64 35 22
95 51 51
23 23 25
33 29 80
41 62 36
98 24 94
36 41 56
82 87 41
77 35 6
82 83 74
46 55 46
18 46 5
66 47 79
30 13 40
31 55 59
73 22 11
13 14 6
15 81 5
13 41 44
16 68 40
51 79 42
1 91 84
41 41 29
5 4 7
18 0 42
16 92 17
26 24 63
39 36 26
88 52 70
42 20 72
15 38 33
9 36 47
10 60 3
78 3 38
13 39 6
95 46 23
21 83 68
77 97 87
0 74 91
54 72 89
48 13 62
18 60 51
72 61 11
50 12 50
13 78 29
87 16 75
27 30 7
49 4 45
8 74 96
62 10 87
82 94 60
94 47 16
88 4 98
30 32 62
16 88 26
18 42 61
50 55 89
19 56 48
6 49 86
94 42 50
59 11 63
92 25 67
72 94 18
61 62 82
14 33 15
82 54 64
91 77 76
91 52 70
61 93 45
92 83 40
87 60 64
51 17 55
79 85 26
78 29 67
31 55 94
77 61 57
2 6 51
35 90 11
39 53 32
91 71 55
22 5 35
43 61 41
94 37 52
78 17 56
22 47 6
71 74 76
5 53 49
31 35 78
97 4 92
70 52 30
7 58 23
92 6 77
41 3 15
36 10 75
53 6 12
55 28 26
91 45 88
85 24 71
39 55 60
5 37 85
34 19 84
73 35 36
24 1 44
15 36 96
85 73 62
74 91 93
83 58 15
8 35 90
10 75 59
1 40 13
4 52 29
20 67 15
45 76 61
53 87 43
97 99 7
43 24 64
76 80 96
89 41 20
36 63 99
21 31 25
36 66 3
57 69 50
72 37 69
53 13 94
9 66 6
83 35 93
18 74 26
96 28 15
42 76 100
2 36 3
71 47 9
3 35 48
47 10 19
46 20 48
71 79 62
24 75 56
67 91 10
97 82 69
53 46 44
5 59 28
80 28 30
35 50 72
0 62 26
91 28 23
49 5 84
98 11 5
32 72 63
21 86 60
39 11 83
36 46 9
9 88 75
67 2 100
55 46 14
75 23 100
3 60 37
13 85 32
7 50 72
65 43 99
32 73 37
27 72 49
46 55 98
96 75 38
54 27 48
79 85 14
37 64 83
28 23 94
4 52 50
58 33 47
72 38 50
85 65 39
47 95 4
50 62 92
89 13 97
19 19 93
80 37 52
0 14 44
59 3 94
32 18 76
93 71 37
29 65 71
98 17 11
95 13 40
68 74 6
50 40 89
93 3 93
34 94 9
