1000
57 67 76
29 38 26
41 29 47
3 39 36
11 99 36
73 25 49
94 8 78
15 37 99
61 90 19
25 79 51
47 19 32
43 10 88
56 92 18
74 0 26
48 96 56
64 89 10
38 57 85
8 7 39
88 93 86
76 53 14
25 47 40
15 54 75
91 18 5
31 57 87
18 4 79
36 0 49
43 78 15
33 88 43
84 82 98
19 84 91
72 23 94
37 2 26
40 81 58
12 0 38
77 64 8
17 99 17
0 77 22
4 36 59
42 59 85
78 62 84
96 92 79
40 31 59
93 4 55
51 2 50
28 84 77
57 37 5
34 67 67
10 56 15
17 39 31
92 57 14
73 95 62
24 86 32
34 55 81
64 35 42
27 26 51
36 97 78
92 21 36
6 10 28
61 66 74
13 20 42
8 0 66
97 27 42
79 87 29
74 2 14
37 29 74
12 58 13
27 63 81
52 74 32
54 57 10
62 87 100
96 70 79
37 14 10
84 95 16
8 77 17
14 27 8
96 27 86
91 2 59
52 14 22
78 17 68
13 11 39
49 4 55
83 15 57
71 23 12
62 54 33
65 29 46
81 14 80
72 67 94
29 56 31
75 77 66
21 86 92
29 23 66
67 79 56
21 98 19
53 73 46
31 16 19
14 1 63
93 90 21
28 69 46
46 86 11
90 28 94
23 1 17
9 36 22
97 27 56
72 19 11
35 16 18
81 96 12
77 61 16
82 47 84
17 78 97
10 16 21
42 72 10
12 99 57
53 53 91
3 40 81
48 40 14
43 81 99
29 3 14
78 53 29
99 27 14
93 81 13
23 72 33
65 24 10
91 38 23
2 99 45
27 59 20
57 39 22
74 36 5
61 40 31
32 50 59
55 47 50
72 43 70
0 79 18
76 21 88
57 18 82
14 47 66
79 80 86
47 66 80
95 63 3
30 9 76
21 0 65
76 54 79
26 60 73
24 0 22
87 21 51
10 1 97
21 35 48
65 80 23
66 69 94
92 60 85
57 24 92
73 40 22
77 32 79
69 54 14
34 78 93
13 28 54
94 0 67
62 33 39
24 36 15
79 96 43
49 2 41
64 58 40
66 67 60
16 4 70
33 14 18
37 50 8
8 98 54
71 12 79
38 84 75
65 85 17
98 5 41
97 11 88
43 34 31
45 46 39
1 8 77
48 14 16
44 41 100
6 0 38
97 85 15
97 51 66
50 17 6
23 98 67
30 4 90
91 18 31
53 40 55
68 12 49
96 42 51
32 29 89
59 61 84
26 86 25
71 42 63
90 93 34
65 28 81
95 18 82
83 27 38
68 9 59
40 18 62
93 49 63
95 36 24
48 77 15
71 79 87
68 69 57
34 38 85
77 77 77
65 18 86
32 1 72
8 9 25
10 7 52
46 38 76
10 56 9
2 61 81
72 84 47
55 36 23
95 21 32
87 43 97
69 50 98
75 52 38
54 89 23
96 38 29
82 73 36
28 67 65
6 4 36
8 97 40
15 56 12
61 82 71
17 18 79
46 65 95
69 56 37
93 61 57
10 92 63
97 24 29
77 11 20
56 60 14
96 80 11
84 85 96
75 81 76
0 11 29
11 22 98
70 50 50
94 48 69
20 41 99
7 82 42
81 90 50
65 39 31
40 12 73
8 56 31
76 7 66
51 45 52
35 74 96
2 44 99
5 53 94
89 43 48
80 62 19
8 63 46
93 25 22
60 25 73
98 88 70
14 41 46
73 7 58
87 64 63
43 36 64
2 45 87
78 56 31
21 3 42
89 14 59
76 55 11
69 92 75
27 57 56
45 58 47
74 71 21
54 76 21
87 72 52
56 95 14
12 67 94
73 4 37
38 33 91
51 23 24
74 82 54
24 22 25
78 33 72
44 73 92
14 64 59
4 49 76
72 88 7
63 71 29
64 42 58
76 7 14
28 50 56
52 92 73
9 11 14
35 0 56
68 78 36
7 41 28
80 42 70
19 61 5
3 32 94
34 78 47
4 52 16
84 48 82
26 32 71
77 5 12
52 0 21
70 80 79
25 86 72
66 78 62
99 43 98
46 5 46
61 0 77
63 68 31
3 26 28
73 76 30
22 79 57
79 38 39
3 65 89
97 10 67
11 88 61
45 83 28
9 92 49
75 22 96
72 54 82
57 53 93
59 81 58
26 58 12
37 99 90
68 25 18
93 1 34
68 8 99
52 36 18
28 71 16
5 73 84
90 57 9
33 17 19
71 56 29
31 51 99
26 1 51
7 17 17
50 41 14
68 14 94
34 69 27
67 15 72
81 30 93
50 80 9
77 47 73
28 41 84
32 23 68
84 6 84
39 23 16
65 78 16
28 78 44
91 98 97
37 25 34
12 45 25
59 3 54
4 70 83
27 37 68
96 30 66
67 58 23
44 74 100
30 27 46
99 75 94
75 4 27
59 7 64
49 16 68
69 50 78
10 82 79
49 19 68
94 56 17
97 23 31
13 60 72
61 55 43
54 77 30
15 80 26
8 25 67
33 19 99
56 88 73
55 50 38
76 58 9
9 39 95
12 5 64
12 44 80
53 69 87
47 1 72
44 65 100
40 88 43
64 22 36
16 17 63
4 46 82
78 71 57
75 42 99
82 29 72
34 78 9
43 25 29
76 9 18
77 9 84
39 94 69
45 46 88
82 12 76
91 3 93
90 6 12
30 89 54
6 39 38
18 25 88
11 49 28
67 41 24
57 39 13
95 94 84
7 50 12
26 17 22
18 13 2
6 89 37
71 51 11
7 16 8
77 70 12
98 61 51
82 39 39
69 74 75
30 55 44
4 17 73
88 5 53
44 41 37
40 2 87
52 5 53
64 49 12
6 27 19
14 40 23
7 14 45
84 83 96
0 39 36
29 6 98
8 81 36
95 51 59
34 36 74
24 9 55
65 52 32
65 10 62
54 47 86
21 99 13
60 6 95
79 5 38
36 8 30
49 17 3
39 44 99
14 96 38
21 0 23
99 26 22
69 94 90
11 92 30
88 22 46
41 34 49
98 87 80
4 51 18
38 52 85
80 13 18
19 83 91
90 60 39
27 95 24
51 58 27
69 40 79
51 23 26
9 91 63
18 69 88
98 78 80
95 97 82
50 26 15
88 29 96
50 0 15
29 24 12
70 66 87
75 37 84
51 72 85
87 54 24
25 57 35
10 20 41
84 12 88
50 95 15
22 85 50
0 79 9
35 3 30
25 94 55
7 90 33
78 1 24
8 45 17
40 70 8
55 65 88
28 15 23
83 37 63
14 85 29
10 10 11
86 62 16
91 34 63
52 76 47
94 27 19
97 27 29
17 85 59
53 12 41
52 25 74
13 6 51
12 26 9
92 89 27
8 40 25
28 16 32
80 38 12
89 85 31
95 25 16
46 13 87
72 75 49
42 14 81
80 61 86
45 58 100
73 57 18
23 50 57
51 95 25
26 69 10
79 1 25
77 96 88
67 12 99
6 25 14
49 71 100
23 0 11
57 85 79
75 0 55
18 98 59
7 58 32
32 61 27
13 31 86
73 5 6
92 94 50
50 39 25
9 27 74
38 85 59
18 6 94
17 52 69
93 63 99
68 42 29
23 92 79
59 37 14
5 31 91
55 60 36
60 24 90
63 77 11
9 58 14
59 80 99
13 40 75
14 29 96
57 6 37
80 2 57
7 49 84
35 82 48
72 44 24
39 9 56
49 96 72
4 41 37
59 53 66
88 38 52
29 14 15
16 82 99
27 17 74
85 84 34
44 74 56
21 23 31
19 38 55
62 34 28
70 81 40
19 3 72
77 63 44
18 52 54
34 77 71
8 84 86
15 75 31
64 96 62
78 59 27
12 64 73
50 42 87
13 38 11
51 5 39
94 65 37
33 62 80
90 9 94
22 64 44
25 5 22
61 66 84
97 20 17
26 85 63
97 32 93
94 79 65
88 11 69
28 36 65
10 47 60
66 5 81
95 18 35
38 90 34
67 34 75
52 3 66
59 41 17
25 14 59
73 1 14
34 30 92
30 38 78
96 64 84
92 47 27
50 98 14
37 31 61
75 70 98
61 62 97
91 88 34
73 7 83
85 61 63
62 13 37
13 85 15
64 95 25
26 4 9
10 88 96
21 94 86
9 16 81
65 51 49
35 17 16
91 55 72
59 75 42
7 54 12
22 1 11
82 47 61
66 1 96
31 4 62
63 79 22
68 66 69
80 54 53
88 35 66
84 20 89
79 94 10
24 21 26
37 18 10
31 39 41
24 88 21
69 71 10
97 21 50
98 11 73
66 77 31
66 46 90
7 50 55
54 23 83
22 97 19
39 41 36
50 10 87
77 79 44
90 69 94
74 38 58
9 80 48
57 28 57
48 96 85
77 6 15
69 25 13
44 42 17
9 52 11
65 35 8
33 36 100
43 67 65
21 29 21
47 18 56
35 48 71
5 78 17
0 95 86
36 25 14
71 48 93
48 95 72
24 95 86
68 62 93
38 94 40
84 48 60
16 15 94
3 17 92
74 29 47
26 2 16
28 9 49
28 53 39
26 36 28
19 64 92
54 58 28
2 19 23
86 42 96
52 95 3
28 73 21
48 77 15
99 31 14
86 7 18
25 88 46
17 11 87
62 15 39
3 88 60
74 2 78
51 29 38
68 56 15
43 3 70
42 53 36
98 25 17
11 37 10
31 78 94
62 52 8
26 59 17
46 16 56
40 1 51
85 1 91
20 75 58
89 61 7
78 10 10
14 26 39
41 81 16
77 5 71
47 14 54
68 87 76
3 79 73
78 91 44
41 29 72
7 72 56
92 43 56
16 28 96
58 57 37
40 89 22
63 35 81
64 21 90
0 76 75
81 1 36
55 71 36
42 58 34
7 98 35
83 69 93
97 65 48
29 63 99
24 18 53
87 66 68
50 50 58
53 56 66
23 27 23
13 23 69
68 0 46
28 4 63
53 23 7
32 56 56
55 43 56
68 93 48
19 37 49
57 89 19
6 13 30
29 62 21
96 29 79
46 23 88
76 3 99
53 55 26
51 82 28
22 5 21
12 49 97
73 22 10
52 39 20
7 85 26
15 87 75
63 61 37
20 68 97
95 16 64
62 22 96
92 96 37
51 86 11
41 80 90
6 76 15
83 44 96
36 51 85
98 25 16
7 53 49
53 16 82
23 46 67
53 16 49
68 0 37
73 71 69
27 0 86
53 14 76
20 58 45
24 29 85
73 98 60
68 78 5
49 95 21
5 56 67
91 1 59
78 80 54
52 88 19
64 91 95
40 51 42
23 62 99
37 51 19
82 62 48
65 76 21
45 38 73
63 92 64
14 56 69
52 40 11
56 88 12
90 84 60
63 66 27
33 44 90
23 21 74
11 15 55
24 92 90
51 58 85
73 70 49
17 9 90
77 95 69
16 55 62
99 33 88
12 26 13
79 51 8
70 53 76
94 93 77
53 87 28
8 87 35
0 41 76
5 62 78
46 87 41
30 95 45
98 28 15
31 25 46
78 79 29
11 26 59
51 53 95
88 14 88
42 95 52
12 6 20
45 52 68
68 67 74
22 98 18
30 26 48
93 58 60
27 35 25
88 31 60
42 95 43
79 21 93
77 56 57
94 0 93
50 65 81
80 86 30
18 32 93
76 78 78
28 29 41
22 85 71
57 41 42
34 61 98
99 71 71
61 42 26
32 62 52
6 92 32
92 89 22
74 0 19
61 41 56
90 2 58
92 18 11
14 77 50
75 15 66
50 88 25
16 95 22
85 5 95
88 65 93
23 10 27
73 14 49
58 67 65
49 77 18
12 57 16
54 52 20
79 14 16
0 52 68
76 47 34
29 17 1
63 3 76
59 68 97
40 54 19
49 51 28
50 79 46
47 1 79
61 52 87
7 20 40
79 55 95
12 73 83
39 10 51
95 81 13
56 64 38
1 12 14
15 98 98
77 10 74
27 1 14
78 26 63
35 1 29
8 81 17
46 66 62
70 27 75
96 82 90
57 89 79
99 63 98
19 13 86
7 51 68
55 91 69
26 88 36
75 87 44
76 67 82
33 20 62
7 24 71
4 76 16
71 19 59
22 37 64
98 39 59
41 21 21
39 28 29
7 72 29
20 12 32
45 84 19
87 61 71
68 80 95
23 24 26
77 30 86
97 89 24
29 39 13
3 93 55
44 23 71
49 15 93
43 48 64
25 7 64
59 93 69
93 97 66
7 89 35
14 0 71
23 83 28
0 32 71
91 25 65
3 56 85
72 77 76
25 4 99
82 0 85
47 59 80
5 20 59
56 35 14
96 93 63
40 11 70
66 60 89
72 60 41
85 36 77
34 81 45
51 33 21
51 98 76
39 8 61
64 9 96
67 35 79
63 7 56
27 36 61
41 53 58
35 75 36
19 99 66
53 74 49
35 25 82
35 77 12
61 70 73
14 73 58
90 60 11
60 43 84
32 31 82
90 81 33
29 4 70
78 50 89
63 83 92
33 97 50
45 75 97
84 2 24
75 29 51
25 19 76
20 89 92
11 41 25
10 87 93
88 30 57
77 28 33
91 38 83
81 16 61
51 7 36
19 72 54
16 34 87
42 24 23
69 28 67
27 38 66
37 34 89
11 98 98
41 79 47
24 90 82
78 39 58
1 82 84
92 69 98
92 96 68
1 57 72
3 22 88
35 25 12
93 15 71
60 32 73
72 8 90
64 65 57
11 52 25
39 80 13
21 96 80
60 30 60
90 19 16
6 47 81

