3624.764
3624.764
3624.764
3624.764
3685.413
3678.905
3627.131
3496.259
3664.077
3506.557
3332.445
3538.320
3735.525
3624.764
3624.764
3624.764
3624.764
3624.764
3624.764
3624.764
3624.764
3624.764
3601.008
3601.008
3688.404
3688.404
3688.404
3688.404
3688.404
3624.764
3624.764
3688.404
3624.764
3688.404
3624.764
3688.404
3624.764
3688.404
3624.764
3670.264
3624.764
3670.264
3624.764
3670.264
3624.764
3670.264
3624.764
3670.264
3624.764
3660.322
3624.764
4628.772
3624.764
9708.738
3624.764
9458.948
3624.764
9811.617
